0 0.51489 0.384981 0.231452 0.589354
0 0.512017 0.38308 0.248694 0.564639
0 0.521944 0.389259 0.240334 0.603612
0 0.521682 0.387357 0.240857 0.594106
0 0.520637 0.386407 0.234587 0.590304
0 0.519592 0.387833 0.235632 0.581749
0 0.520637 0.387357 0.232497 0.5827
0 0.522466 0.386882 0.242424 0.593156
0 0.520637 0.387833 0.241902 0.577947
0 
1 0.293887 0.397814 0.0548589 0.0807985
0 
1 0.170324 0.40827 0.100313 0.122624
1 0.069488 0.394487 0.120167 0.190114
0 
0 
0 
0 0.0431034 0.346483 0.0830721 0.31654
2 0.0668757 0.376426 0.127482 0.397338
0 0.0707942 0.386407 0.138453 0.438213
0 0.0880355 0.337452 0.166667 0.524715
0 
1 0.117294 0.329373 0.224138 0.651141
2 0.140805 0.360741 0.281609 0.721483
0 
0 
0 
1 0.195402 0.406844 0.390805 0.813688
0 
0 0.179467 0.411122 0.358934 0.822243
0 
0 
1 0.14629 0.401616 0.292581 0.803232
0 
0 
0 
0 0.387931 0.396863 0.113375 0.278517
0 0.378004 0.386882 0.129049 0.288973
0 0.357106 0.379278 0.142633 0.38403
0 0.329415 0.379278 0.180251 0.439164
0 0.3093 0.372624 0.218391 0.494297
0 0.231191 0.35884 0.298328 0.651141
0 0.170324 0.372624 0.340648 0.745247
2 0.161703 0.401616 0.323406 0.803232
0 
0 
0 
0 
0 
0 
0 
0 
0 
1 0.981714 0.480513 0.0334378 0.0617871
1 0.853187 0.446768 0.0428422 0.0570342
1 0.725705 0.432034 0.0376176 0.0579848
1 0.661442 0.423479 0.045977 0.0617871
1 0.596134 0.393536 0.0574713 0.0855513
0 
1 0.198798 0.446768 0.0653083 0.0817491
1 0.19906 0.444392 0.0679206 0.0922053
1 0.203762 0.443441 0.0731452 0.0922053
1 0.197231 0.443441 0.0684431 0.0941065
1 0.0791536 0.451521 0.0914316 0.106464
1 0.981191 0.384981 0.0376176 0.095057
1 0.932079 0.378802 0.135841 0.179658
1 0.225967 0.408745 0.103971 0.146388
1 0.264629 0.417776 0.113375 0.16635
1 0.265152 0.416825 0.11442 0.164449
1 0.240596 0.421103 0.109195 0.1673
1 0.287618 0.41635 0.105016 0.148289
1 0.340648 0.413023 0.102403 0.179658
1 0.455852 0.406844 0.106061 0.203422
1 0.54023 0.412548 0.123302 0.211027
0 0.585946 0.39924 0.132184 0.281369
1 0.634274 0.405418 0.205852 0.35076
2 0.792581 0.419677 0.414838 0.810836
0 
1 0.981452 0.450095 0.0370951 0.124525
1 0.367555 0.438688 0.0475444 0.0541825
1 0.369906 0.438688 0.0449321 0.0674905
1 0.378265 0.44154 0.0532915 0.0693916
1 0.376698 0.448669 0.0658307 0.0912548
1 0.362853 0.454373 0.0924765 0.119772
0 
0 
0 
0 
1 0.307994 0.421103 0.0663532 0.0874525
1 0.842738 0.440589 0.0835946 0.113118
1 0.454545 0.411597 0.031348 0.039924
1 0.453501 0.380703 0.031348 0.0465779
1 0.453501 0.386882 0.0261233 0.0418251
1 0.451149 0.398289 0.0308255 0.0437262
0 
1 0.451411 0.415875 0.0344828 0.0465779
1 0.450105 0.415399 0.0318704 0.0418251
1 0.447753 0.41635 0.0344828 0.0494297
1 0.445925 0.415399 0.0287356 0.0475285
1 0.44279 0.414449 0.0350052 0.0475285
1 0.435998 0.412548 0.0329154 0.0475285
1 0.430512 0.423954 0.0428422 0.0608365
1 0.429467 0.421103 0.0438871 0.0570342
0 
1 0.75209 0.573669 0.49582 0.852662
1 0.691745 0.542776 0.61651 0.914449
1 0.584639 0.5 0.830721 1
0 
1 0.28187 0.433935 0.514629 0.664449
1 0.13558 0.450095 0.27116 0.763308
1 0.0901254 0.461977 0.180251 0.631179
1 0.151254 0.459601 0.302508 0.66635
1 0.471526 0.428707 0.318182 0.56654
1 0.477273 0.43251 0.293103 0.488593
1 0.490596 0.431084 0.327064 0.576996
1 0.567659 0.421103 0.382968 0.690114
1 0.568965 0.413023 0.380355 0.64924
1 0.566353 0.420152 0.420063 0.722433
2 0.364159 0.355038 0.220481 0.390684
1 0.835162 0.447719 0.0799373 0.0988593
0 0.926332 0.436312 0.147335 0.872624
0 
0 
0 
0 
0 
0 
0 
0 
0 
0 
0 0.928161 0.428707 0.143678 0.857414
0 
0 
0 
0 0.9279 0.431559 0.144201 0.863118
0 0.92999 0.421103 0.140021 0.842205
0 0.930251 0.423004 0.139498 0.846008
0 0.930251 0.418251 0.139498 0.836502
0 0.928945 0.420152 0.142111 0.840304
0 0.928422 0.420627 0.143156 0.841255
0 0.928422 0.423004 0.143156 0.846008
0 0.927377 0.422053 0.145246 0.844106
0 0.928945 0.414449 0.142111 0.828897
0 0.928945 0.421578 0.142111 0.843156
0 0.928683 0.418726 0.142633 0.837452
0 0.929467 0.422053 0.141066 0.844106
0 0.9279 0.428707 0.144201 0.857414
0 0.929206 0.421103 0.141588 0.842205
0 0.926332 0.421578 0.147335 0.843156
0 0.926594 0.423479 0.146813 0.846958
0 0.926855 0.421103 0.14629 0.842205
0 0.92581 0.42538 0.14838 0.85076
0 0.927638 0.426331 0.144723 0.852662
0 0.926594 0.422529 0.146813 0.845057
1 0.304859 0.465779 0.0496343 0.0760456
0 0.926071 0.427757 0.147858 0.855513
0 0.926594 0.422053 0.146813 0.844106
0 0.926071 0.423479 0.147858 0.846958
0 0.928945 0.420627 0.142111 0.841255
0 0.929728 0.416825 0.140543 0.83365
1 0.304336 0.465779 0.0548589 0.0722433
0 
0 0.929206 0.42443 0.141588 0.848859
0 0.9279 0.423954 0.144201 0.847909
0 0.9279 0.421103 0.144201 0.842205
0 0.926332 0.421103 0.147335 0.842205
0 0.9279 0.422053 0.144201 0.844106
0 0.928945 0.417776 0.142111 0.835551
0 0.929206 0.412072 0.141588 0.824144
0 0.930773 0.411597 0.138453 0.823194
0 0.927377 0.418251 0.145246 0.836502
0 0.928683 0.4173 0.142633 0.834601
0 0.931557 0.40827 0.136886 0.81654
0 0.928945 0.412548 0.142111 0.825095
0 0.931818 0.411122 0.136364 0.822243
0 0.928683 0.420627 0.142633 0.841255
0 0.928683 0.414449 0.142633 0.828897
1 0.832811 0.438688 0.0679206 0.0960076
0 0.9279 0.419202 0.144201 0.838403
0 0.931035 0.410171 0.137931 0.820342
0 0.930773 0.402091 0.125914 0.804183
0 0.931557 0.412548 0.136886 0.825095
0 0.929728 0.416825 0.140543 0.83365
0 0.931557 0.411122 0.136886 0.822243
0 0.929206 0.411122 0.141588 0.822243
0 0.931296 0.400665 0.125914 0.801331
0 0.929728 0.4173 0.140543 0.834601
0 0.928683 0.419677 0.142633 0.839354
0 0.929728 0.412548 0.140543 0.825095
1 0.320272 0.45865 0.0731452 0.103612
0 0.932602 0.406844 0.134796 0.813688
0 0.930512 0.405418 0.138976 0.810836
0 0.92999 0.406844 0.140021 0.813688
0 0.930512 0.399715 0.138976 0.79943
0 0.931557 0.401616 0.136886 0.803232
0 0.933908 0.394962 0.121735 0.789924
1 0.271944 0.457224 0.0893417 0.0893536
0 0.932341 0.394011 0.124869 0.788023
0 0.932602 0.394487 0.123302 0.788973
0 0.931818 0.393536 0.124869 0.787072
0 0.929467 0.400665 0.141066 0.801331
0 0.931557 0.404943 0.136886 0.809886
0 0.931035 0.402091 0.137931 0.804183
0 0.930251 0.403992 0.139498 0.807985
0 0.92999 0.403517 0.140021 0.807034
1 0.268286 0.453422 0.0903866 0.114068
0 0.932602 0.40019 0.133751 0.80038
0 0.932602 0.393061 0.134796 0.786122
0 0.932602 0.393061 0.134796 0.786122
0 0.932602 0.390209 0.134796 0.780418
0 0.932602 0.389259 0.134796 0.778517
0 0.930251 0.391635 0.139498 0.78327
1 0.529781 0.445342 0.045977 0.0522814
1 0.517764 0.446293 0.0417973 0.0579848
1 0.500784 0.444867 0.0496343 0.0627376
1 0.489289 0.448669 0.0423197 0.0589354
1 0.473877 0.440589 0.0553814 0.0769962
1 0.453501 0.448669 0.0752351 0.095057
1 0.429206 0.454848 0.103971 0.143536
1 0.375914 0.459125 0.170846 0.224335
1 0.17999 0.510932 0.359979 0.584601
0 
1 0.353187 0.409696 0.0574713 0.0665399
1 0.355799 0.409221 0.061651 0.0807985
1 0.357106 0.415399 0.0757576 0.095057
1 0.318966 0.42443 0.0862069 0.111217
1 0.273511 0.430133 0.113375 0.143536
1 0.256531 0.444392 0.15465 0.196768
1 0.140543 0.476711 0.281087 0.415399
1 0.61233 0.456749 0.0752351 0.0807985
2 0.398642 0.334125 0.0543365 0.143536
0 
1 0.336991 0.355989 0.0334378 0.0465779
1 0.312696 0.350285 0.0350052 0.0541825
1 0.295977 0.346008 0.03814 0.0551331
1 0.278997 0.336027 0.030303 0.0427757
1 0.265935 0.3327 0.0271682 0.0380228
1 0.253396 0.323669 0.0229885 0.0351711
1 0.241902 0.323194 0.0188088 0.026616
1 0.227795 0.323194 0.0208986 0.0380228
0 
0 
0 
0 
0 
1 0.982236 0.249525 0.0355277 0.0712928
1 0.859457 0.269962 0.045977 0.0570342
1 0.685475 0.296578 0.0323929 0.0380228
0 
0 
0 
0 
0 
0 
0 
1 0.124608 0.393536 0.0684431 0.0912548
0 
1 0.132445 0.387833 0.0935214 0.13308
1 0.14185 0.387357 0.103971 0.137833
1 0.129049 0.39211 0.130617 0.185361
1 0.124086 0.40019 0.165622 0.254753
1 0.1186 0.408745 0.2372 0.446768
0 
0 
1 0.504441 0.465779 0.0517241 0.0665399
1 0.490596 0.463878 0.0668757 0.0817491
1 0.475444 0.454848 0.0585162 0.0826996
1 0.719697 0.242395 0.0464995 0.0646388
1 0.495037 0.236217 0.0454545 0.0731939
1 0.429467 0.306084 0.0428422 0.0608365
1 0.568965 0.336027 0.0470219 0.0617871
1 0.575758 0.339829 0.0512017 0.0636882
1 0.572884 0.362167 0.0433647 0.0627376
1 0.564002 0.360266 0.0569488 0.0684411
1 0.546761 0.371198 0.0673981 0.0846008
1 0.526646 0.390684 0.0658307 0.10076
1 0.500784 0.386882 0.0757576 0.11597
1 0.472309 0.392586 0.0888192 0.127376
1 0.432602 0.412072 0.124347 0.162548
1 0.368077 0.428232 0.164577 0.215779
1 0.95768 0.254753 0.0449321 0.0570342
1 0.896029 0.270913 0.0731452 0.104563
1 0.869906 0.305608 0.0710554 0.101711
1 0.807471 0.288498 0.0935214 0.143536
1 0.67581 0.338403 0.101881 0.153992
1 0.551985 0.34173 0.147858 0.192966
1 0.471264 0.319867 0.194357 0.26711
1 0.329415 0.351711 0.324451 0.456274
1 0.129572 0.436312 0.259143 0.796578
1 0.520637 0.446768 0.0339603 0.0456274
0 
2 0.782915 0.391635 0.03814 0.0798479
1 0.730669 0.38308 0.039185 0.0532319
1 0.670585 0.404468 0.0433647 0.0560836
1 0.463166 0.442966 0.039185 0.0532319
2 0.414054 0.4577 0.0433647 0.0903042
0 
0 
0 
0 
0 
0 
0 
0 
1 0.258621 0.42538 0.0365726 0.0522814
1 0.263323 0.412548 0.0365726 0.0608365
1 0.277952 0.419202 0.0365726 0.0570342
1 0.311651 0.401616 0.0360502 0.0579848
1 0.350836 0.384981 0.0412748 0.0551331
1 0.381661 0.394962 0.0433647 0.0674905
1 0.461338 0.363118 0.0397074 0.0589354
1 0.547544 0.383555 0.0334378 0.0484791
1 0.589342 0.368821 0.0261233 0.0513308
0 
1 0.722048 0.38308 0.0334378 0.0608365
1 0.725444 0.406369 0.03814 0.0503802
1 0.71186 0.419202 0.0475444 0.0684411
1 0.662748 0.419202 0.0412748 0.0627376
0 
1 0.589864 0.416825 0.0543365 0.0693916
1 0.566614 0.415875 0.0464995 0.0617871
1 0.53605 0.418251 0.0480669 0.0741445
1 0.519331 0.4173 0.0512017 0.0741445
1 0.501045 0.418251 0.0449321 0.0779468
1 0.486938 0.420627 0.0512017 0.0636882
1 0.468913 0.422053 0.0485893 0.0627376
1 0.443051 0.428232 0.0480669 0.0807985
1 0.410136 0.428232 0.0438871 0.0579848
1 0.376959 0.430133 0.0506792 0.0731939
0 
1 0.0849007 0.432034 0.0705329 0.0865019
1 0.0344828 0.425856 0.0626959 0.0931559
0 
1 0.0222048 0.350285 0.0370951 0.0865019
1 0.0350052 0.35789 0.0700104 0.0941065
1 0.100575 0.314639 0.0663532 0.095057
1 0.157524 0.320818 0.0684431 0.101711
1 0.210031 0.336977 0.0647858 0.0865019
1 0.281609 0.307034 0.0679206 0.0969582
1 0.338558 0.329848 0.0689655 0.0988593
1 0.401776 0.343631 0.07628 0.0922053
1 0.471526 0.335551 0.0820272 0.095057
1 0.552508 0.351236 0.0830721 0.109316
1 0.630616 0.357414 0.0940439 0.108365
1 0.726489 0.4173 0.0935214 0.123574
1 0.841432 0.403517 0.115465 0.124525
1 0.786834 0.429658 0.045977 0.0665399
1 0.692006 0.4173 0.0318704 0.0513308
1 0.6314 0.415875 0.0329154 0.0541825
1 0.596134 0.417776 0.0407524 0.0636882
1 0.581505 0.388308 0.030303 0.0541825
1 0.567137 0.423479 0.0276907 0.0522814
1 0.556688 0.406369 0.0370951 0.0541825
1 0.545193 0.422529 0.0412748 0.0636882
1 0.53814 0.414449 0.0407524 0.0627376
1 0.532393 0.410646 0.0397074 0.0627376
1 0.528474 0.413973 0.0329154 0.0560836
1 0.52325 0.412072 0.0412748 0.0636882
1 0.5128 0.40827 0.0402299 0.0617871
1 0.504963 0.411122 0.0329154 0.0560836
1 0.451672 0.413498 0.0600836 0.114068
1 0.483804 0.407795 0.045977 0.0570342
1 0.458986 0.42443 0.0893417 0.139734
1 0.324713 0.532795 0.528213 0.571293
1 0.583333 0.478137 0.315047 0.39924
1 0.592999 0.481939 0.273772 0.346008
1 0.79441 0.555608 0.411181 0.687262
1 0.740073 0.497624 0.480146 0.630228
1 0.654127 0.500951 0.351097 0.456274
1 0.616249 0.494772 0.361024 0.544677
1 0.55512 0.469582 0.311912 0.463878
1 0.527952 0.480038 0.279519 0.34981
1 0.524033 0.47481 0.278997 0.35076
1 0.523511 0.46673 0.276907 0.344106
1 0.513323 0.478137 0.27116 0.323194
1 0.515935 0.485741 0.254441 0.313688
1 0.508882 0.467681 0.262278 0.319392
1 0.489289 0.493346 0.251306 0.294677
1 0.473354 0.480513 0.278997 0.341255
1 0.450105 0.484791 0.280564 0.36692
1 0.436259 0.468631 0.318704 0.382129
1 0.497388 0.469582 0.294671 0.361217
1 0.527168 0.48384 0.278997 0.336502
1 0.515152 0.461502 0.290491 0.354563
1 0.556426 0.486692 0.291536 0.393536
1 0.582027 0.477186 0.292581 0.351711
1 0.58255 0.47576 0.285266 0.343156
1 0.581505 0.491445 0.275862 0.355513
1 0.580982 0.471483 0.285266 0.336502
1 0.58255 0.496198 0.272727 0.325095
1 0.586991 0.507129 0.287879 0.345057
1 0.581243 0.510932 0.330721 0.398289
1 0.600052 0.485741 0.358934 0.471483
1 0.583333 0.488593 0.311912 0.410646
1 0.554075 0.497624 0.373563 0.464829
1 0.650731 0.477662 0.386102 0.514259
1 0.692267 0.453422 0.440961 0.602662
1 0.677377 0.500475 0.41745 0.59981
1 0.729363 0.52519 0.46604 0.654943
1 0.757053 0.478137 0.474399 0.617871
1 0.760188 0.484316 0.474399 0.601711
1 0.721787 0.50903 0.413271 0.620722
1 0.691223 0.479087 0.38349 0.492395
1 0.65883 0.480989 0.359457 0.463878
1 0.723354 0.528517 0.408046 0.587452
1 0.716562 0.504278 0.42163 0.597909
1 0.606322 0.478612 0.308777 0.415399
1 0.607106 0.472909 0.265413 0.329848
1 0.591693 0.472909 0.208464 0.280418
1 0.58908 0.41635 0.0454545 0.0494297
1 0.0522466 0.510932 0.0971787 0.601711
1 0.342215 0.419202 0.0512017 0.0684411
1 0.439394 0.414924 0.0804598 0.120722
1 0.391066 0.429182 0.0444096 0.0598859
1 0.450888 0.402567 0.031348 0.0484791
1 0.165883 0.3327 0.053814 0.0684411
1 0.288662 0.370247 0.11024 0.172053
1 0.0480669 0.194867 0.0585162 0.0988593
0 
1 0.657524 0.462452 0.0935214 0.130228
1 0.579676 0.477186 0.11024 0.146388
1 0.549634 0.442015 0.125392 0.245247
1 0.473354 0.423479 0.259143 0.38308
1 0.496865 0.433935 0.403344 0.64924
1 0.498955 0.447719 0.3814 0.604563
1 0.535528 0.422053 0.357367 0.604563
1 0.603971 0.427757 0.329154 0.557034
1 0.538662 0.446768 0.314525 0.467681
1 0.55303 0.446768 0.298328 0.519011
1 0.577847 0.433935 0.31348 0.481939
1 0.581243 0.431559 0.307732 0.568441
1 0.617816 0.44962 0.335946 0.513308
1 0.616249 0.456749 0.338036 0.519962
1 0.620951 0.464829 0.379833 0.593156
1 0.591693 0.43346 0.461338 0.557034
1 0.573929 0.447243 0.42581 0.554183
1 0.552247 0.447243 0.398119 0.63403
1 0.542842 0.435836 0.464995 0.542776
1 0.500261 0.446768 0.467607 0.562738
1 0.524295 0.439164 0.437304 0.539924
1 0.518025 0.438213 0.390282 0.621673
1 0.514107 0.451996 0.489028 0.53327
1 0.582027 0.436787 0.358412 0.588403
1 0.598224 0.437738 0.356322 0.563688
1 0.591954 0.438213 0.341693 0.585551
1 0.606322 0.432985 0.336991 0.563688
1 0.598746 0.437262 0.332288 0.511407
1 0.596917 0.437738 0.321317 0.518061
1 0.60162 0.443916 0.314002 0.501901
1 0.667712 0.442015 0.369906 0.545627
1 0.598485 0.44249 0.336991 0.571293
1 0.567921 0.444867 0.335423 0.5
1 0.576802 0.44962 0.327064 0.477186
1 0.536573 0.44962 0.332288 0.486692
1 0.560345 0.432985 0.321317 0.540875
1 0.57628 0.44154 0.316614 0.51616
1 0.575758 0.439164 0.329154 0.519011
1 0.640021 0.452947 0.344828 0.531369
1 0.630094 0.457224 0.375131 0.577947
1 0.637147 0.422053 0.467607 0.572243
1 0.613114 0.436312 0.412226 0.655894
1 0.582027 0.423004 0.45559 0.581749
1 0.569488 0.428232 0.245559 0.371673
1 0.672675 0.404943 0.181296 0.239544
1 0.461076 0.393536 0.0412748 0.0608365
1 0.0880355 0.489544 0.176071 0.442966
1 0.161964 0.475285 0.172414 0.230038
1 0.380878 0.434886 0.104493 0.130228
2 0.48093 0.413023 0.396552 0.725285
2 0.479624 0.418251 0.396029 0.747148
2 0.479624 0.415399 0.392894 0.726236
2 0.483542 0.411597 0.394462 0.707224
2 0.484326 0.411597 0.396029 0.749049
2 0.47884 0.404468 0.346395 0.708175
2 0.487983 0.372624 0.382445 0.745247
2 0.481975 0.406369 0.380878 0.73289
2 0.48511 0.362643 0.400731 0.723384
2 0.478579 0.428707 0.38976 0.728137
2 0.477795 0.402567 0.396552 0.729087
2 0.479624 0.413973 0.390805 0.761407
2 0.480146 0.407795 0.382445 0.754753
2 0.484587 0.403042 0.384013 0.768061
2 0.48511 0.394011 0.378788 0.759506
2 0.485893 0.395437 0.388715 0.728137
2 0.48511 0.409221 0.398642 0.736692
2 0.480146 0.395437 0.384535 0.760456
2 0.503918 0.403042 0.388192 0.726236
2 0.500261 0.403042 0.385057 0.747148
2 0.492424 0.385932 0.303553 0.606464
2 0.492163 0.401616 0.335423 0.681559
2 0.494775 0.405894 0.362591 0.712928
2 0.487983 0.421103 0.294671 0.572243
2 0.499478 0.402091 0.374086 0.756654
2 0.502874 0.411122 0.394462 0.729087
2 0.50209 0.411597 0.390805 0.720532
2 0.493208 0.386882 0.298851 0.644487
2 0.505225 0.398764 0.37931 0.788023
2 0.506792 0.403517 0.380355 0.736692
2 0.501567 0.407319 0.384535 0.738593
2 0.498433 0.406369 0.367816 0.746198
2 0.494514 0.407319 0.373563 0.711977
2 0.494514 0.401141 0.359979 0.71673
2 0.496343 0.405894 0.324974 0.695817
2 0.491641 0.376426 0.306165 0.598859
2 0.494253 0.420152 0.335423 0.659696
2 0.510449 0.394487 0.364681 0.758555
2 0.503135 0.401141 0.38976 0.768061
2 0.501829 0.393061 0.374608 0.75
2 0.496604 0.415875 0.369383 0.713878
2 0.49582 0.413023 0.316614 0.675856
2 0.499478 0.406844 0.373041 0.739544
2 0.504963 0.406369 0.376698 0.715779
2 0.501829 0.418726 0.390282 0.725285
2 0.499478 0.403517 0.378265 0.753802
2 0.500522 0.408745 0.390805 0.743346
2 0.502874 0.403042 0.387147 0.752852
2 0.50209 0.404468 0.388715 0.753802
2 0.5 0.411597 0.382445 0.737643
2 0.5 0.402567 0.380355 0.751901
2 0.496343 0.405894 0.369906 0.71673
2 0.49791 0.407319 0.375131 0.715779
2 0.499478 0.414924 0.37722 0.711977
2 0.500261 0.401616 0.363114 0.742395
2 0.499739 0.416825 0.369383 0.725285
2 0.493469 0.398764 0.317137 0.673954
0 0.49582 0.427281 0.310345 0.596008
0 0.494253 0.394962 0.31348 0.594106
0 0.491641 0.391635 0.299895 0.596958
0 0.490073 0.394962 0.308255 0.656844
0 0.491902 0.398289 0.310867 0.606464
0 0.488245 0.404943 0.281609 0.625475
2 0.488245 0.395913 0.305643 0.611217
2 0.493992 0.40019 0.305643 0.614068
2 0.487722 0.387357 0.297283 0.557985
2 0.488506 0.418726 0.298851 0.628327
2 0.492685 0.394487 0.297806 0.536122
2 0.490334 0.423954 0.293103 0.503802
2 0.488245 0.395913 0.299373 0.546578
2 0.489551 0.390684 0.299895 0.541825
2 0.49373 0.411597 0.357367 0.709125
2 0.493208 0.409221 0.358412 0.710076
2 0.493208 0.414449 0.355277 0.703422
2 0.492947 0.416825 0.352665 0.70057
2 0.485893 0.409696 0.359457 0.703422
2 0.479363 0.414449 0.365204 0.669201
2 0.481191 0.411122 0.341693 0.658745
2 0.481191 0.387833 0.285266 0.56654
2 0.474399 0.409696 0.30094 0.631179
2 0.480669 0.398764 0.296761 0.556084
2 0.47466 0.410171 0.300418 0.632129
2 0.481452 0.418726 0.354754 0.664449
2 0.47884 0.419677 0.359979 0.672053
2 0.485893 0.421578 0.360502 0.672053
2 0.48302 0.411597 0.327586 0.61597
2 0.471526 0.398289 0.311912 0.625475
2 0.480408 0.397338 0.285789 0.564639
0 0.472309 0.424905 0.291536 0.522814
0 0.472048 0.424905 0.284744 0.539924
2 0.474399 0.412548 0.316614 0.617871
2 0.47884 0.423954 0.364159 0.652091
2 0.480146 0.42443 0.358412 0.660646
2 0.481714 0.419202 0.363636 0.676806
2 0.479363 0.422053 0.35162 0.684411
2 0.48511 0.416825 0.368339 0.664449
2 0.47466 0.412548 0.304598 0.591255
2 0.483804 0.415875 0.318704 0.609316
2 0.492163 0.4173 0.359457 0.653992
2 0.494253 0.415399 0.360502 0.646388
2 0.490334 0.414924 0.35371 0.668251
2 0.489289 0.407319 0.311912 0.569392
0 0.489551 0.405418 0.308255 0.527567
0 0.486155 0.42443 0.298328 0.537072
2 0.479885 0.417776 0.310867 0.605513
0 0.472832 0.426806 0.294671 0.513308
0 0.473354 0.42443 0.290491 0.521863
2 0.488506 0.40827 0.310345 0.573194
2 0.488506 0.42538 0.291536 0.531369
0 0.492163 0.428707 0.30094 0.532319
0 0.492947 0.423954 0.303553 0.51711
0 0.490073 0.426331 0.295716 0.514259
2 0.488245 0.408745 0.318182 0.581749
0 0.486938 0.42538 0.308255 0.518061
0 0.487722 0.423479 0.307732 0.53327
0 0.487722 0.426806 0.301463 0.524715
0 0.489289 0.427281 0.293103 0.542776
0 0.487983 0.402567 0.296761 0.538973
0 
0 0.489028 0.426806 0.299895 0.534221
0 
2 0.488245 0.407319 0.311912 0.594106
2 0.489551 0.406369 0.312435 0.592205
2 0.489551 0.407319 0.31139 0.576996
0 
0 0.492424 0.430133 0.289969 0.538973
0 0.490596 0.432985 0.287356 0.525665
0 0.487983 0.428232 0.274817 0.521863
0 0.486938 0.430133 0.273772 0.548479
0 0.484326 0.43251 0.278997 0.538023
0 0.474922 0.428707 0.287356 0.528517
0 0.473877 0.42538 0.289446 0.514259
0 0.473093 0.423479 0.282654 0.500951
0 0.47466 0.429658 0.277429 0.511407
2 0.483281 0.419677 0.31348 0.575095
0 0.474399 0.428707 0.272727 0.490494
0 0.489289 0.407795 0.19697 0.397338
0 0.48302 0.40019 0.222048 0.431559
0 0.48093 0.394011 0.247126 0.424905
0 0.482236 0.401616 0.243469 0.480038
0 0.487461 0.420627 0.275862 0.493346
0 0.490334 0.419677 0.297283 0.474335
0 0.487722 0.423954 0.286834 0.488593
0 0.490073 0.423479 0.291536 0.480038
0 0.485371 0.429182 0.282132 0.462928
0 0.485632 0.428707 0.284744 0.479087
0 0.484065 0.42443 0.278474 0.48384
0 0.483281 0.422529 0.275862 0.499049
2 0.484848 0.402567 0.276907 0.544677
2 0.485893 0.394487 0.266458 0.538023
2 0.486938 0.40019 0.280042 0.54943
0 0.483281 0.419677 0.287356 0.500951
0 0.473877 0.435361 0.272727 0.494297
0 0.474922 0.436312 0.269592 0.465779
0 0.474922 0.436312 0.268548 0.469582
0 0.475444 0.437262 0.262278 0.479087
2 0.504963 0.436787 0.278474 0.485741
0 0.511755 0.429658 0.294148 0.587452
0 0.467607 0.423954 0.291536 0.467681
0 0.472571 0.432034 0.26698 0.493346
2 0.484587 0.407319 0.293103 0.538973
0 0.484587 0.428232 0.276385 0.495247
0 0.486938 0.426806 0.270637 0.51711
0 0.488245 0.422529 0.26489 0.512357
0 0.492947 0.42538 0.268025 0.518061
0 0.469175 0.423954 0.265413 0.503802
0 0.466301 0.43346 0.260711 0.475285
0 0.472832 0.43346 0.256008 0.494297
2 0.491118 0.40019 0.290491 0.543726
2 0.489289 0.394487 0.287879 0.507605
2 0.488506 0.393061 0.271682 0.544677
2 0.496604 0.39116 0.27325 0.552281
2 0.505225 0.397814 0.268548 0.527567
2 0.50209 0.392586 0.278997 0.545627
2 0.501045 0.39924 0.286311 0.522814
2 0.499739 0.401616 0.333856 0.613118
2 0.49582 0.390209 0.286311 0.573194
2 0.508621 0.394011 0.282654 0.55038
2 0.504702 0.393536 0.323929 0.623574
2 0.496343 0.382605 0.283177 0.584601
0 0.492947 0.39211 0.26489 0.584601
2 0.507053 0.384981 0.280564 0.596958
2 0.508359 0.388308 0.282132 0.594106
2 0.502351 0.380228 0.287879 0.621673
2 0.5128 0.421578 0.242947 0.43251
2 0.513845 0.419677 0.241902 0.43251
2 0.512017 0.425856 0.248694 0.427757
2 0.506792 0.425856 0.243469 0.414449
2 0.529258 0.401141 0.260188 0.5
2 0.527429 0.395913 0.26489 0.518061
2 0.518286 0.398764 0.284222 0.548479
0 0.518286 0.417776 0.269592 0.489544
0 0.510711 0.375 0.250261 0.653042
2 0.66092 0.368821 0.268548 0.644487
2 0.66092 0.367395 0.267503 0.632129
1 0.327586 0.445818 0.0856844 0.114068
1 0.337513 0.42443 0.0898642 0.120722
1 0.342476 0.420627 0.0966562 0.118821
0 
2 0.829937 0.43251 0.0559039 0.095057
0 
0 
0 
0 
0 
1 0.604493 0.455323 0.0292581 0.0532319
2 0.539707 0.412072 0.0585162 0.107414
1 0.492163 0.413498 0.0532915 0.0684411
0 
1 0.369645 0.415875 0.0653083 0.0788973
0 
2 0.509404 0.386882 0.0491118 0.0874525
2 0.509927 0.388783 0.0470219 0.0836502
2 0.509143 0.38308 0.0402299 0.0817491
2 0.508882 0.404943 0.0417973 0.0798479
2 0.509143 0.425856 0.039185 0.0760456
2 0.509666 0.420627 0.0402299 0.0617871
2 0.510188 0.422529 0.0370951 0.0750951
2 0.510711 0.423004 0.0370951 0.0703422
2 0.510449 0.421578 0.0355277 0.0693916
1 0.510711 0.426331 0.0433647 0.0788973
1 0.508098 0.413973 0.0454545 0.0712928
1 0.504963 0.418726 0.0464995 0.0750951
1 0.49582 0.419677 0.0585162 0.0922053
1 0.480669 0.412072 0.0815047 0.122624
1 0.450888 0.410171 0.0804598 0.124525
1 0.422675 0.413023 0.0909091 0.120722
2 0.361024 0.423004 0.0501567 0.173004
2 0.291014 0.442015 0.0731452 0.254753
2 0.05721 0.467681 0.100836 0.501901
1 0.177638 0.406844 0.0522466 0.0646388
1 0.194096 0.409696 0.0496343 0.0684411
0 
2 0.242685 0.404943 0.053814 0.0836502
2 0.277691 0.401141 0.0559039 0.0969582
2 0.299634 0.406369 0.0611285 0.115019
2 0.32001 0.421103 0.0862069 0.138783
2 0.298851 0.449144 0.138976 0.263308
1 0.203239 0.452471 0.264368 0.39924
0 
0 
0 
0 
0 
0 
2 0.402821 0.410171 0.0512017 0.0960076
2 0.399948 0.414449 0.0673981 0.129278
2 0.388715 0.420152 0.0825496 0.15019
1 0.378265 0.416825 0.108673 0.172053
1 0.343521 0.418251 0.166667 0.250951
1 0.264629 0.442966 0.270115 0.404943
1 0.12278 0.479563 0.245559 0.706274
2 0.922153 0.402567 0.0355277 0.0655894
1 0.0577325 0.435836 0.0747126 0.109316
1 0.0506792 0.434886 0.077325 0.122624
1 0.11651 0.432034 0.0825496 0.103612
1 0.0655695 0.43346 0.107106 0.15019
1 0.173459 0.420152 0.0815047 0.134981
1 0.227011 0.43251 0.0663532 0.102662
1 0.238245 0.444392 0.0637409 0.0941065
1 0.223354 0.447719 0.0726228 0.0969582
1 0.214995 0.44962 0.069488 0.10076
2 0.297283 0.433935 0.0731452 0.107414
2 0.501045 0.436312 0.0532915 0.0931559
2 0.523511 0.423954 0.0543365 0.117871
1 0.533438 0.39211 0.0501567 0.0979087
1 0.543626 0.426806 0.0506792 0.0874525
2 0.544932 0.422529 0.0574713 0.0903042
1 0.538662 0.411597 0.0595611 0.0893536
1 0.535528 0.40827 0.0679206 0.109316
2 0.79232 0.403517 0.0715778 0.124525
2 0.940178 0.418251 0.100836 0.19962
1 0.0308255 0.423479 0.0595611 0.164449
1 0.182602 0.415875 0.0987461 0.130228
1 0.262539 0.430608 0.0956113 0.13308
1 0.256008 0.428232 0.100313 0.128327
1 0.231191 0.434411 0.101881 0.136882
1 0.361546 0.422529 0.0992685 0.135932
1 0.451411 0.425856 0.0982236 0.13308
1 0.459509 0.40827 0.0945664 0.132129
1 0.4407 0.420152 0.113375 0.184411
1 0.396813 0.404943 0.1186 0.153992
1 0.334378 0.413023 0.140021 0.189163
1 0.247388 0.403992 0.133229 0.212928
1 0.129833 0.421578 0.144723 0.191065
1 0.0344828 0.422529 0.0689655 0.172053
1 0.86024 0.522338 0.0715778 0.0922053
0 
0 
0 
0 
0 
0 
0 
2 0.378265 0.412072 0.0428422 0.11692
1 0.0276907 0.480038 0.0553814 0.148289
0 
0 
0 
0 
0 
0 
0 
0 
2 0.945925 0.401616 0.0893417 0.305133
0 
0 
0 
0 
0 
0 
0 
0 
0 
0 
0 
0 
2 0.287356 0.397814 0.0501567 0.0998099
0 
0 
0 
0 
0 
1 0.109457 0.416825 0.129049 0.156844
1 0.0893417 0.394011 0.092999 0.143536
1 0.0556426 0.401616 0.109195 0.192966
0 
0 
0 
2 0.475705 0.412072 0.022466 0.0389734
2 0.475705 0.407795 0.0350052 0.0494297
2 0.474138 0.410646 0.03814 0.0551331
2 0.471264 0.404943 0.0355277 0.0589354
2 0.467085 0.413498 0.0397074 0.0551331
2 0.462121 0.409221 0.0412748 0.0636882
2 0.454807 0.414449 0.0412748 0.0722433
2 0.447753 0.415399 0.0407524 0.0665399
2 0.43861 0.414924 0.0569488 0.088403
2 0.427638 0.412548 0.0632184 0.106464
2 0.416928 0.413973 0.0710554 0.130228
2 0.401254 0.413023 0.101358 0.160646
1 0.374608 0.422529 0.122257 0.177757
2 0.329676 0.428707 0.15883 0.268061
1 0.232236 0.44154 0.27325 0.337452
2 0.122257 0.438213 0.244514 0.659696
0 
0 
0 
0 
0 
0 
0 
0 
0 
0 
1 0.590125 0.385456 0.0579937 0.0788973
0 
0 
0 
0 
2 0.292059 0.437738 0.0417973 0.0865019
0 
0 
1 0.46395 0.496673 0.331243 0.518061
1 0.479885 0.487167 0.300418 0.396388
1 0.49373 0.496198 0.22884 0.313688
1 0.0240334 0.47481 0.0480669 0.139734
1 0.525601 0.410171 0.07628 0.113118
1 0.526123 0.412548 0.077325 0.119772
1 0.472048 0.41635 0.0276907 0.0456274
1 0.532654 0.410646 0.0893417 0.127376
1 0.479101 0.414449 0.0386625 0.0513308
1 0.478579 0.413498 0.0323929 0.0437262
1 0.479624 0.414924 0.0334378 0.0560836
1 0.481975 0.41635 0.0297806 0.0513308
1 0.4872 0.418726 0.0339603 0.0522814
1 0.490596 0.419677 0.0292581 0.0408745
1 0.501045 0.4173 0.0355277 0.0475285
1 0.50418 0.413023 0.0407524 0.0522814
1 0.512017 0.417776 0.0376176 0.0522814
1 0.515413 0.418726 0.0370951 0.0522814
1 0.520115 0.418251 0.0517241 0.0684411
1 0.525078 0.418251 0.0532915 0.0684411
1 0.521944 0.422053 0.0532915 0.0665399
1 0.520376 0.417776 0.0564263 0.0731939
1 0.52116 0.419677 0.0548589 0.0750951
1 0.521682 0.418726 0.0454545 0.0655894
1 0.527952 0.418251 0.0527691 0.0741445
1 0.536311 0.428232 0.0611285 0.0807985
1 0.53814 0.415875 0.0449321 0.0598859
1 0.544932 0.438688 0.0668757 0.0903042
1 0.53814 0.425856 0.061651 0.0817491
1 0.550157 0.421578 0.0668757 0.0998099
1 0.56348 0.419677 0.0757576 0.109316
1 0.574451 0.421103 0.0705329 0.102662
1 0.588297 0.430133 0.0532915 0.0846008
1 0.595873 0.431084 0.053814 0.0674905
1 0.838297 0.43346 0.12278 0.178707
1 0.835162 0.446768 0.156217 0.201521
0 
1 0.731452 0.429658 0.0909091 0.10076
1 0.682341 0.417776 0.0794148 0.113118
1 0.645768 0.405418 0.0909091 0.122624
1 0.602665 0.413498 0.0987461 0.127376
1 0.555643 0.410171 0.126959 0.14924
1 0.463427 0.432034 0.173459 0.230989
1 0.376437 0.459601 0.276385 0.354563
1 0.245298 0.576046 0.490596 0.718631
0 
1 0.440961 0.461502 0.0323929 0.0427757
1 0.436782 0.48289 0.0428422 0.0760456
1 0.430251 0.480038 0.0433647 0.0798479
1 0.426332 0.477662 0.0532915 0.107414
0 
1 0.405695 0.438213 0.085162 0.15019
1 0.396552 0.437262 0.121212 0.228137
0 0.371473 0.381654 0.153605 0.303232
2 0.30721 0.374049 0.249739 0.40019
0 
0 
0 
0 
1 0.472571 0.449144 0.0475444 0.0598859
0 
1 0.252612 0.393536 0.0882968 0.114068
1 0.232497 0.432034 0.0835946 0.101711
1 0.197753 0.434886 0.085162 0.113118
1 0.397858 0.48289 0.0548589 0.0665399
1 0.297022 0.494297 0.285789 0.363118
1 0.285789 0.457224 0.0512017 0.0608365
1 0.264368 0.4577 0.131661 0.181559
1 0.463166 0.504753 0.465517 0.669201
1 0.459248 0.492871 0.458725 0.576996
1 0.456635 0.50808 0.46395 0.662548
1 0.462382 0.483365 0.467085 0.584601
1 0.457419 0.495722 0.460293 0.571293
1 0.457158 0.48289 0.439916 0.562738
1 0.457158 0.502376 0.444096 0.643536
1 0.459248 0.478612 0.444096 0.556084
1 0.460031 0.509506 0.450888 0.659696
1 0.460293 0.495247 0.46186 0.589354
1 0.45768 0.480989 0.462905 0.574144
1 0.463166 0.513783 0.434169 0.620722
1 0.464995 0.503327 0.444096 0.654943
1 0.462121 0.500951 0.42581 0.63308
1 0.467346 0.507129 0.439394 0.622624
1 0.472048 0.51616 0.456113 0.629278
1 0.475967 0.49192 0.432602 0.607414
1 0.477012 0.503802 0.45768 0.625475
1 0.482497 0.509981 0.449843 0.639734
1 0.486938 0.498574 0.442006 0.624525
1 0.483542 0.502376 0.435214 0.632129
1 0.492163 0.492871 0.425287 0.55038
1 0.496082 0.490019 0.426855 0.546578
1 0.506531 0.508555 0.42163 0.614068
1 0.514629 0.522338 0.425287 0.609316
1 0.514629 0.510456 0.435737 0.621673
1 0.507576 0.487167 0.440439 0.538973
1 0.508621 0.500475 0.438349 0.605513
1 0.509143 0.509981 0.432079 0.613118
1 0.512539 0.508555 0.442006 0.623574
1 0.510972 0.512357 0.436782 0.595057
1 0.509927 0.483365 0.446186 0.556084
1 0.498955 0.493346 0.424242 0.538023
1 0.498955 0.494772 0.422153 0.542776
1 0.498694 0.500475 0.428945 0.613118
1 0.503657 0.502376 0.432602 0.620722
1 0.504441 0.484791 0.439394 0.551331
1 0.497649 0.504278 0.445664 0.615019
1 0.496604 0.496673 0.448798 0.620722
1 0.498171 0.502376 0.439394 0.61692
1 0.496082 0.5 0.440439 0.631179
1 0.496082 0.509981 0.440439 0.613118
1 0.506792 0.487167 0.450366 0.554183
1 0.504963 0.487167 0.438349 0.557985
1 0.495298 0.500475 0.447231 0.624525
1 0.487461 0.503802 0.431557 0.617871
1 0.490073 0.508555 0.434692 0.621673
1 0.485893 0.500951 0.439916 0.623574
1 0.488245 0.497148 0.445664 0.621673
1 0.485632 0.49097 0.431034 0.613118
1 0.49373 0.50808 0.426332 0.613118
1 0.488767 0.502852 0.440439 0.608365
1 0.483281 0.506179 0.438871 0.611217
1 0.485893 0.492871 0.447231 0.620722
1 0.486155 0.500951 0.439394 0.625475
1 0.485371 0.493346 0.445141 0.617871
1 0.4872 0.497624 0.450888 0.61692
1 0.485893 0.489068 0.447231 0.622624
1 0.48302 0.494297 0.440439 0.617871
1 0.489028 0.486692 0.45559 0.617871
1 0.486938 0.496673 0.436782 0.605513
1 0.491379 0.499049 0.448798 0.61597
1 0.482759 0.49192 0.45977 0.626426
1 0.484065 0.493821 0.445664 0.620722
1 0.48093 0.497624 0.439394 0.626426
1 0.479101 0.500951 0.436782 0.634981
1 0.481191 0.493346 0.444096 0.63308
1 0.481714 0.499525 0.432602 0.635932
1 0.481452 0.504278 0.437304 0.624525
1 0.474922 0.493821 0.429467 0.607414
1 0.471526 0.498099 0.428945 0.617871
1 0.477534 0.495722 0.425287 0.622624
1 0.478318 0.492395 0.424765 0.621673
0 0.212644 0.469106 0.142111 0.238593
0 
0 
0 
0 
1 0.57628 0.417776 0.0397074 0.0750951
1 0.555643 0.375475 0.0433647 0.0760456
0 
0 
0 
0 
1 0.26907 0.41635 0.0679206 0.106464
0 
1 0.336207 0.437262 0.277429 0.429658
1 0.357889 0.438688 0.261233 0.405894
1 0.391066 0.43346 0.222048 0.368821
1 0.474399 0.404943 0.194357 0.264259
1 0.975967 0.403517 0.0480669 0.0922053
1 0.164577 0.472909 0.153605 0.210076
1 0.451672 0.385932 0.0715778 0.0855513
0 
0 
1 0.536311 0.467681 0.0287356 0.0418251
1 0.74373 0.478612 0.0475444 0.0693916
0 
0 
0 
0 
0 
0 
0 
1 0.5721 0.395913 0.0355277 0.0598859
1 0.563218 0.403042 0.045977 0.0627376
1 0.549112 0.401141 0.0491118 0.0703422
1 0.528213 0.403042 0.0606061 0.0931559
1 0.511755 0.403992 0.069488 0.110266
1 0.482759 0.410646 0.091954 0.134981
1 0.439655 0.418726 0.132184 0.217681
1 0.363375 0.434886 0.19279 0.295627
1 0.144201 0.461977 0.288401 0.69962
0 
0 
0 
0 
0 
0 
0 
0 
2 0.482236 0.409221 0.0553814 0.105513
1 0.472832 0.411597 0.0689655 0.11597
2 0.455852 0.410171 0.085162 0.156844
2 0.427116 0.411122 0.0966562 0.219582
1 0.381139 0.401616 0.158307 0.259506
2 0.311651 0.403042 0.278474 0.461977
2 0.17581 0.451046 0.35162 0.902091
1 0.513323 0.438213 0.0276907 0.0418251
0 
1 0.449582 0.431084 0.0559039 0.0807985
1 0.381923 0.434886 0.0898642 0.13403
1 0.312435 0.458175 0.131661 0.207224
1 0.506531 0.448669 0.0496343 0.0589354
1 0.5 0.442966 0.0532915 0.0722433
1 0.492947 0.435836 0.0527691 0.0693916
1 0.489812 0.437262 0.0579937 0.0741445
1 0.493208 0.438213 0.0491118 0.0665399
1 0.493992 0.426331 0.0496343 0.0674905
1 0.49373 0.425856 0.0532915 0.0741445
1 0.497649 0.420627 0.0475444 0.0693916
1 0.501045 0.423004 0.0522466 0.0760456
1 0.49582 0.409696 0.0585162 0.0722433
1 0.493208 0.393536 0.0543365 0.0760456
1 0.497126 0.40019 0.0506792 0.0741445
1 0.489812 0.409221 0.0632184 0.0788973
1 0.501829 0.409696 0.084117 0.106464
1 0.502351 0.410171 0.069488 0.088403
1 0.507837 0.407795 0.077325 0.095057
1 0.510972 0.407795 0.0752351 0.0969582
1 0.5128 0.406844 0.0747126 0.0988593
1 0.517503 0.411597 0.069488 0.095057
1 0.515935 0.414449 0.085162 0.114068
1 0.523772 0.414449 0.0945664 0.11597
1 0.517503 0.408745 0.0945664 0.136882
1 0.518286 0.413498 0.091954 0.129278
1 0.518809 0.414924 0.0961338 0.124525
1 0.519592 0.4173 0.0987461 0.138783
1 0.531087 0.416825 0.130094 0.156844
1 0.531348 0.417776 0.113898 0.141635
1 0.539707 0.4173 0.15465 0.195817
1 0.529258 0.414449 0.121212 0.1673
1 0.526646 0.421103 0.128527 0.171103
1 0.524817 0.420627 0.134274 0.177757
1 0.526907 0.419202 0.134274 0.188213
1 0.51489 0.418726 0.183386 0.276616
1 0.514368 0.416825 0.19906 0.289924
1 0.505747 0.415875 0.203762 0.295627
1 0.501567 0.413973 0.248694 0.381179
1 0.498694 0.419202 0.226228 0.330798
1 0.494775 0.432034 0.246604 0.346958
1 0.491379 0.435836 0.26489 0.360266
1 0.489289 0.437738 0.282654 0.348859
1 0.489812 0.444867 0.292059 0.385932
1 0.501045 0.44249 0.354232 0.573194
1 0.50418 0.434886 0.386625 0.548479
1 0.502351 0.439639 0.402821 0.576996
1 0.494253 0.446768 0.420063 0.644487
1 0.495559 0.442966 0.471787 0.555133
1 0.49582 0.448194 0.476489 0.552281
1 0.494775 0.452947 0.479624 0.548479
1 0.492163 0.451996 0.435737 0.651141
1 0.492163 0.45057 0.435737 0.655894
1 0.489551 0.45057 0.428422 0.659696
1 0.491379 0.445818 0.465517 0.558935
1 0.489812 0.445818 0.471787 0.555133
1 0.485893 0.451996 0.434692 0.654943
1 0.491118 0.453422 0.437827 0.659696
1 0.488245 0.444392 0.473877 0.559886
1 0.486938 0.451046 0.438871 0.689164
1 0.486938 0.444392 0.483804 0.567491
1 0.487722 0.452947 0.482236 0.559886
1 0.482236 0.452471 0.443051 0.686312
1 0.489028 0.457224 0.431557 0.673004
1 0.490857 0.44962 0.452978 0.697719
1 0.491118 0.44154 0.45559 0.687262
1 0.496343 0.449144 0.437827 0.679658
1 0.491902 0.451996 0.436259 0.673954
1 0.493992 0.446293 0.442529 0.696768
1 0.49373 0.448669 0.437827 0.676806
1 0.492424 0.452471 0.440439 0.676806
1 0.489289 0.434886 0.440439 0.698669
1 0.492685 0.448194 0.444096 0.68346
1 0.488245 0.446768 0.445664 0.690114
1 0.487461 0.45057 0.454545 0.673004
1 0.50418 0.454848 0.415883 0.668251
1 0.49373 0.454848 0.432602 0.656844
1 0.496865 0.4577 0.401254 0.5827
1 0.507576 0.457224 0.403866 0.591255
1 0.492163 0.460551 0.46186 0.653042
1 0.510711 0.448194 0.432079 0.571293
1 0.517503 0.449144 0.442529 0.569392
1 0.507576 0.471483 0.396552 0.560836
1 0.514107 0.465779 0.415883 0.58365
1 0.492685 0.46673 0.431557 0.564639
1 0.488767 0.459601 0.41954 0.548479
1 0.484065 0.45865 0.463427 0.651141
1 0.48093 0.457224 0.414316 0.553232
1 0.480408 0.454848 0.422675 0.561787
1 0.478318 0.447243 0.433124 0.643536
1 0.481714 0.463878 0.410658 0.574144
1 0.489551 0.457224 0.442006 0.65019
1 0.486938 0.4577 0.400209 0.563688
1 0.48093 0.443441 0.41745 0.660646
1 0.481452 0.4577 0.445664 0.670152
1 0.471787 0.445342 0.410658 0.580799
1 0.45768 0.451046 0.434692 0.660646
1 0.458464 0.454373 0.404911 0.555133
1 0.46813 0.453422 0.405434 0.555133
1 0.473615 0.450095 0.413271 0.571293
1 0.476489 0.463403 0.405434 0.573194
1 0.482236 0.45865 0.471264 0.656844
1 0.47884 0.450095 0.438349 0.578897
1 0.470481 0.459125 0.41954 0.58365
1 0.476228 0.451521 0.434169 0.576046
1 0.469958 0.452947 0.426855 0.575095
1 0.471264 0.457224 0.420063 0.576046
1 0.470481 0.455798 0.422675 0.580799
1 0.470219 0.453897 0.407524 0.575095
1 0.474922 0.460076 0.409613 0.564639
1 0.48093 0.455798 0.403866 0.580799
1 0.480408 0.458175 0.438349 0.6673
1 0.461338 0.459125 0.420063 0.562738
1 0.460293 0.452471 0.406479 0.557034
1 0.464211 0.456274 0.42163 0.576046
1 0.46604 0.450095 0.414838 0.573194
1 0.464995 0.451521 0.433647 0.682509
1 0.468652 0.456749 0.437827 0.66635
1 0.468391 0.454848 0.41954 0.561787
1 0.473093 0.451521 0.426855 0.568441
1 0.471003 0.451996 0.418495 0.576996
1 0.472048 0.451996 0.448798 0.672053
1 0.474399 0.458175 0.415883 0.56654
1 0.118861 0.384506 0.226228 0.324144
1 0.448276 0.332224 0.203762 0.322243
0 
0 
0 
1 0.368077 0.402567 0.0370951 0.0579848
1 0.374608 0.40827 0.0397074 0.0522814
1 0.379572 0.414924 0.0412748 0.0617871
1 0.385057 0.414924 0.0438871 0.0693916
1 0.391588 0.418251 0.0496343 0.0741445
1 0.38558 0.416825 0.0658307 0.0807985
1 0.373824 0.429658 0.085162 0.131179
1 0.339603 0.433935 0.14838 0.187262
1 0.176332 0.475285 0.35162 0.456274
1 0.175549 0.369297 0.0553814 0.0826996
1 0.197492 0.375 0.0825496 0.11692
1 0.183124 0.394011 0.125914 0.185361
1 0.102926 0.435361 0.201672 0.302281
1 0.00992685 0.448669 0.0188088 0.0589354
1 0.0632184 0.41635 0.0731452 0.10076
1 0.104493 0.401141 0.077325 0.106464
1 0.175549 0.447243 0.0825496 0.141635
1 0.210293 0.438688 0.0956113 0.139734
1 0.204545 0.423954 0.144723 0.195817
1 0.171891 0.435836 0.175549 0.272814
1 0.103187 0.445818 0.206374 0.486692
1 0.37278 0.434411 0.0370951 0.0608365
1 0.378527 0.432034 0.053814 0.0769962
1 0.379049 0.432034 0.0621735 0.0941065
1 0.36442 0.434411 0.0809822 0.114068
1 0.334639 0.436312 0.102926 0.136882
1 0.234587 0.461502 0.194357 0.255703
0 
1 0.761755 0.363118 0.0647858 0.0912548
1 0.669801 0.394487 0.0804598 0.11597
1 0.564786 0.426806 0.108673 0.148289
1 0.467607 0.43346 0.124347 0.163498
1 0.151776 0.322719 0.0642633 0.0846008
1 0.210554 0.340304 0.0825496 0.108365
1 0.227273 0.397338 0.105538 0.13308
1 0.18652 0.399715 0.161964 0.227186
1 0.0671369 0.320342 0.03814 0.0456274
1 0.0948276 0.315114 0.0402299 0.0560836
1 0.136364 0.337452 0.0376176 0.0608365
1 0.167712 0.360741 0.0417973 0.0560836
1 0.182079 0.361217 0.0454545 0.0665399
1 0.206635 0.368346 0.0475444 0.0655894
1 0.224399 0.386882 0.0611285 0.0836502
1 0.228318 0.395437 0.0710554 0.114068
1 0.244514 0.385932 0.0825496 0.119772
1 0.254441 0.410171 0.111808 0.147338
1 0.200888 0.440114 0.162487 0.230038
1 0.066092 0.4577 0.121735 0.394487
1 0.564786 0.365019 0.0292581 0.0342205
1 0.560345 0.362643 0.0329154 0.0446768
1 0.545977 0.370722 0.031348 0.0456274
1 0.537618 0.369772 0.0376176 0.0532319
1 0.527168 0.371673 0.0386625 0.0608365
1 0.520637 0.384506 0.0527691 0.0750951
1 0.508098 0.385932 0.0517241 0.0722433
1 0.497649 0.389259 0.0632184 0.0922053
1 0.468913 0.389734 0.0736677 0.114068
1 0.445925 0.392586 0.099791 0.138783
1 0.410136 0.402091 0.114943 0.169202
1 0.339603 0.413498 0.169279 0.268061
1 0.163793 0.448194 0.327586 0.500951
1 0.54441 0.412072 0.0261233 0.0465779
1 0.49582 0.404943 0.0407524 0.0532319
1 0.449582 0.404943 0.0579937 0.0684411
1 0.927377 0.43251 0.0971787 0.11597
1 0.821839 0.432034 0.290491 0.453422
1 0.533177 0.446768 0.599269 0.682509
1 0.543626 0.43251 0.554336 0.794677
1 0.545716 0.454848 0.549112 0.765209
1 0.539707 0.44962 0.643678 0.707224
1 0.545193 0.446768 0.551202 0.78327
1 0.546761 0.446768 0.549112 0.777567
1 0.54023 0.44962 0.642633 0.709125
1 0.539446 0.44962 0.64629 0.712928
1 0.545193 0.444392 0.547022 0.778517
1 0.546238 0.443441 0.552247 0.780418
1 0.545977 0.445342 0.548589 0.778517
1 0.545716 0.443916 0.548067 0.779468
1 0.544932 0.444867 0.547544 0.777567
1 0.540752 0.44962 0.641588 0.709125
1 0.545977 0.445818 0.549634 0.777567
1 0.546238 0.445818 0.549112 0.777567
1 0.541014 0.449144 0.645246 0.704373
1 0.540491 0.44962 0.645246 0.705323
1 0.545977 0.445818 0.548589 0.777567
1 0.539969 0.44962 0.642111 0.709125
1 0.538662 0.448194 0.647858 0.710076
1 0.545193 0.444867 0.551202 0.781369
1 0.545977 0.445342 0.547544 0.778517
1 0.546238 0.443441 0.543887 0.778517
1 0.541014 0.448669 0.644201 0.709125
1 0.545455 0.444392 0.546499 0.778517
1 0.545455 0.444867 0.548589 0.781369
1 0.545193 0.443441 0.548067 0.784221
1 0.545716 0.444867 0.545977 0.781369
1 0.545716 0.444392 0.548067 0.780418
1 0.545977 0.444392 0.549634 0.782319
1 0.539969 0.447243 0.645246 0.708175
1 0.545977 0.443441 0.547544 0.780418
1 0.545455 0.444867 0.547544 0.78327
1 0.54023 0.44962 0.649948 0.709125
1 0.545716 0.445818 0.548067 0.779468
1 0.544671 0.447243 0.548067 0.784221
1 0.545193 0.445818 0.547022 0.78327
1 0.539446 0.450095 0.634796 0.715779
1 0.539969 0.450095 0.633751 0.719582
1 0.546761 0.445818 0.543887 0.781369
1 0.541275 0.450095 0.637409 0.710076
1 0.542059 0.44962 0.635841 0.714829
1 0.546499 0.444867 0.547544 0.78327
1 0.541275 0.448669 0.636364 0.714829
1 0.546499 0.444392 0.546499 0.782319
1 0.541014 0.448194 0.632706 0.711977
1 0.54023 0.449144 0.633229 0.715779
1 0.545193 0.445342 0.543887 0.780418
1 0.545193 0.445342 0.542842 0.782319
1 0.545455 0.446293 0.54441 0.778517
1 0.545455 0.445818 0.54441 0.781369
1 0.545193 0.445342 0.547022 0.782319
1 0.54023 0.449144 0.639498 0.710076
1 0.545977 0.444867 0.548589 0.779468
1 0.54023 0.448194 0.636364 0.717681
0 
0 
0 
0 
1 0.510711 0.432985 0.278474 0.384981
1 0.505747 0.43251 0.288401 0.385932
1 0.506531 0.430133 0.291014 0.388783
1 0.506531 0.437738 0.281609 0.388783
1 0.505747 0.431084 0.289446 0.386882
1 0.50627 0.431084 0.298851 0.394487
1 0.505225 0.434886 0.289446 0.381179
1 0.506792 0.43251 0.296761 0.39924
1 0.507053 0.43251 0.300418 0.39924
1 0.508098 0.434411 0.298328 0.39924
1 0.507837 0.431559 0.304075 0.406844
1 0.506531 0.432985 0.295193 0.40019
1 0.509143 0.435361 0.295193 0.397338
1 0.509666 0.429658 0.283699 0.387833
1 0.506792 0.435361 0.304075 0.397338
1 0.49582 0.44249 0.281087 0.388783
1 0.501567 0.435836 0.301985 0.474335
1 0.492685 0.440114 0.282132 0.397338
1 0.495298 0.444392 0.276907 0.392586
1 0.496343 0.435836 0.30512 0.480038
1 0.50209 0.439164 0.297806 0.469582
1 0.500784 0.442015 0.301463 0.477186
1 0.49791 0.440114 0.312435 0.477186
1 0.499739 0.438688 0.302508 0.474335
1 0.501306 0.439164 0.302508 0.48289
1 0.492685 0.442966 0.278997 0.36692
1 0.491379 0.442015 0.278474 0.363118
1 0.491641 0.445818 0.274817 0.372624
1 0.351358 0.421578 0.0778474 0.109316
0 
0 
0 
0 
0 
0 
1 0.475444 0.413973 0.0344828 0.0541825
1 0.467085 0.411597 0.0386625 0.0494297
1 0.462121 0.410171 0.0412748 0.0579848
1 0.455068 0.423479 0.0522466 0.0807985
1 0.445141 0.422529 0.0606061 0.0865019
1 0.423459 0.429182 0.0809822 0.113118
1 0.385841 0.439639 0.111285 0.147338
1 0.293887 0.454848 0.234587 0.307034
0 
0 
1 0.408046 0.403517 0.0428422 0.0560836
1 0.386625 0.405418 0.0417973 0.0560836
0 
0 
1 0.288401 0.414924 0.0585162 0.0731939
0 
1 0.187304 0.409221 0.0611285 0.0807985
1 0.104232 0.382605 0.0684431 0.0846008
1 0.0206374 0.363593 0.03814 0.0807985
1 0.506792 0.442015 0.0438871 0.0646388
1 0.474399 0.428707 0.0522466 0.0741445
1 0.410658 0.437738 0.108673 0.132129
1 0.326019 0.444867 0.192268 0.230038
1 0.176332 0.316065 0.0402299 0.0484791
1 0.176332 0.31654 0.0433647 0.0589354
1 0.180773 0.329373 0.0574713 0.0693916
1 0.235371 0.352662 0.0579937 0.0836502
1 0.224399 0.372624 0.0726228 0.110266
1 0.217868 0.386882 0.105538 0.142586
1 0.1907 0.417776 0.181818 0.217681
1 0.0219436 0.285646 0.0282132 0.0674905
1 0.0532915 0.301806 0.0428422 0.0636882
1 0.0909091 0.296103 0.0480669 0.0693916
1 0.130878 0.326521 0.0517241 0.0712928
1 0.16092 0.326996 0.0522466 0.0627376
1 0.189394 0.359316 0.053814 0.0646388
1 0.208986 0.348384 0.0595611 0.0807985
1 0.233542 0.373099 0.0752351 0.0865019
1 0.0775862 0.29135 0.0308255 0.0427757
1 0.0846395 0.29943 0.031348 0.0494297
1 0.105799 0.312738 0.0297806 0.0494297
1 0.112069 0.31654 0.03814 0.0494297
1 0.110763 0.320818 0.0397074 0.0541825
1 0.200366 0.330323 0.0496343 0.0655894
1 0.272988 0.363593 0.0548589 0.0750951
1 0.309822 0.365019 0.0710554 0.0931559
1 0.321055 0.379753 0.0903866 0.113118
1 0.317398 0.401141 0.117555 0.146388
1 0.219175 0.426806 0.198015 0.285171
1 0.474138 0.399715 0.0611285 0.0903042
1 0.452978 0.412548 0.0783699 0.108365
1 0.426855 0.426806 0.0940439 0.131179
1 0.193835 0.455798 0.227795 0.263308
1 0.0446708 0.52519 0.0893417 0.358365
1 0.284744 0.42538 0.0323929 0.0465779
1 0.292842 0.430133 0.0329154 0.0408745
1 0.289707 0.430133 0.0464995 0.0655894
1 0.286834 0.422053 0.0700104 0.0855513
1 0.293887 0.428232 0.0799373 0.107414
1 0.284222 0.43346 0.100313 0.129278
1 0.224922 0.438688 0.155172 0.208175
1 0.0935214 0.479563 0.187043 0.424905
1 0.447753 0.430608 0.0512017 0.0741445
1 0.429728 0.442015 0.0485893 0.0684411
1 0.412748 0.435836 0.0543365 0.0750951
1 0.393417 0.440589 0.0741902 0.0979087
1 0.359457 0.442966 0.100313 0.125475
1 0.274033 0.458175 0.178161 0.230038
1 0.072884 0.490019 0.145768 0.440114
1 0.546499 0.483365 0.0647858 0.0788973
1 0.5 0.478137 0.07628 0.104563
1 0.434953 0.484791 0.101881 0.131179
1 0.344044 0.472433 0.160397 0.222433
1 0.156479 0.5 0.312957 0.524715
1 0.702456 0.415875 0.023511 0.0408745
0 
1 0.626437 0.403517 0.0334378 0.0503802
1 0.590909 0.417776 0.0397074 0.0750951
1 0.558516 0.417776 0.031348 0.0598859
1 0.55721 0.413973 0.0736677 0.103612
1 0.557471 0.413498 0.0606061 0.10076
1 0.204284 0.404943 0.117032 0.138783
1 0.104493 0.439639 0.208986 0.314639
1 0.423459 0.413498 0.0464995 0.0665399
1 0.511233 0.400665 0.0256008 0.0408745
1 0.498433 0.403517 0.031348 0.0408745
1 0.4872 0.40827 0.0370951 0.0522814
1 0.478318 0.413973 0.0485893 0.0598859
1 0.444357 0.416825 0.069488 0.0865019
1 0.384274 0.431559 0.106061 0.140684
1 0.215778 0.451521 0.265413 0.31749
0 
0 
1 0.500784 0.428707 0.0715778 0.127376
1 0.452194 0.42538 0.0914316 0.135932
1 0.600052 0.475285 0.426855 0.619772
1 0.601097 0.475285 0.411181 0.61597
1 0.619122 0.486692 0.439916 0.606464
1 0.596395 0.476711 0.438349 0.615019
1 0.33255 0.390684 0.0684431 0.104563
1 0.33255 0.388308 0.0903866 0.122624
1 0.31348 0.407795 0.113898 0.186312
1 0.255747 0.421578 0.182341 0.293726
1 0.393156 0.43346 0.0423197 0.0608365
1 0.388976 0.435361 0.0475444 0.0589354
1 0.388454 0.431084 0.0444096 0.0712928
1 0.384535 0.429182 0.0470219 0.0693916
1 0.392894 0.43251 0.061651 0.095057
1 0.388976 0.428707 0.084117 0.114068
1 0.369645 0.423954 0.0945664 0.136882
1 0.338819 0.429182 0.125914 0.187262
1 0.340125 0.448194 0.0438871 0.0579848
1 0.351097 0.453897 0.0449321 0.0560836
1 0.362069 0.455323 0.0438871 0.0665399
1 0.368339 0.445818 0.0595611 0.102662
1 0.369383 0.44249 0.0689655 0.124525
2 0.367294 0.430608 0.0825496 0.134981
2 0.359718 0.441065 0.0882968 0.144487
1 0.344305 0.443916 0.0877743 0.125475
1 0.328892 0.436312 0.10815 0.144487
1 0.306426 0.429182 0.154127 0.202471
1 0.302508 0.436787 0.0397074 0.0598859
1 0.317921 0.427757 0.03814 0.0684411
1 0.324974 0.427757 0.0355277 0.0513308
1 0.325758 0.426806 0.0423197 0.0646388
1 0.319749 0.427281 0.0553814 0.0731939
1 0.315569 0.422529 0.0543365 0.0788973
1 0.313741 0.413973 0.0632184 0.0826996
1 0.323929 0.411597 0.0668757 0.095057
1 0.340387 0.419677 0.0788924 0.11692
1 0.345089 0.417776 0.100836 0.143536
1 0.323668 0.412548 0.144723 0.190114
1 0.269592 0.413498 0.208986 0.290875
1 0.162487 0.427757 0.31139 0.422053
1 0.0794148 0.434886 0.15883 0.554183
1 0.456635 0.445342 0.0386625 0.0617871
1 0.453501 0.447719 0.0543365 0.0684411
1 0.437827 0.45057 0.0585162 0.0760456
1 0.415099 0.443441 0.0642633 0.0903042
1 0.385841 0.435361 0.0987461 0.127376
1 0.350052 0.439639 0.119122 0.14924
1 0.258882 0.451046 0.19697 0.265209
1 0.0846395 0.489068 0.169279 0.502852
1 0.542842 0.45057 0.0491118 0.0646388
1 0.520637 0.451046 0.0569488 0.0750951
1 0.501306 0.443441 0.0903866 0.126426
1 0.47466 0.435361 0.0987461 0.138783
1 0.429206 0.444392 0.131139 0.181559
1 0.318966 0.443916 0.248171 0.319392
1 0.0770637 0.487167 0.154127 0.656844
1 0.492947 0.39924 0.0360502 0.0570342
1 0.463427 0.39211 0.0355277 0.0598859
1 0.949321 0.44249 0.101358 0.219582
1 0.970219 0.445342 0.0595611 0.261407
1 0.491902 0.362643 0.0287356 0.0522814
1 0.49373 0.3327 0.0397074 0.0627376
1 0.489289 0.375475 0.039185 0.0627376
1 0.480408 0.36597 0.03814 0.0608365
1 0.471787 0.378802 0.0428422 0.0636882
1 0.466301 0.391635 0.0464995 0.0646388
1 0.461599 0.394487 0.0496343 0.0684411
1 0.458725 0.393536 0.0647858 0.0893536
1 0.44906 0.392586 0.0830721 0.117871
1 0.420324 0.395437 0.105016 0.140684
1 0.373563 0.405418 0.142111 0.236692
1 0.199843 0.4173 0.324451 0.454373
1 0.356061 0.43251 0.0412748 0.0532319
1 0.348224 0.443441 0.0559039 0.0731939
1 0.33255 0.44249 0.0663532 0.0846008
1 0.312696 0.451046 0.0924765 0.137833
1 0.289707 0.455323 0.119645 0.190114
1 0.233804 0.446768 0.179206 0.268061
1 0.125392 0.461977 0.250784 0.574144
1 0.219175 0.495722 0.0569488 0.0712928
1 0.213166 0.496198 0.125392 0.131179
1 0.310084 0.418251 0.0475444 0.0893536
1 0.31139 0.420627 0.0585162 0.0846008
1 0.311912 0.421103 0.0564263 0.095057
1 0.304336 0.422529 0.0653083 0.0998099
1 0.28814 0.425856 0.0747126 0.110266
1 0.264629 0.432985 0.101881 0.143536
1 0.189916 0.43346 0.139498 0.178707
1 0.605799 0.415399 0.0360502 0.0532319
1 0.597962 0.412072 0.0423197 0.0617871
1 0.490073 0.375475 0.0553814 0.0741445
1 0.535528 0.390684 0.061651 0.0855513
1 0.554075 0.43251 0.0559039 0.0817491
1 0.543626 0.425856 0.0548589 0.0874525
1 0.536834 0.42538 0.0757576 0.103612
1 0.518548 0.427757 0.0768025 0.106464
1 0.478318 0.43251 0.0945664 0.121673
1 0.444357 0.429182 0.113375 0.145437
1 0.377743 0.435361 0.176594 0.228137
1 0.163793 0.459601 0.327586 0.672053
1 0.637931 0.436787 0.0585162 0.0769962
1 0.625914 0.434886 0.0679206 0.0769962
1 0.392372 0.454373 0.318704 0.444867
1 0.395246 0.451521 0.321317 0.461977
1 0.408307 0.453422 0.333856 0.448669
1 0.410658 0.451521 0.334378 0.467681
1 0.424765 0.452471 0.346917 0.488593
1 0.466562 0.468156 0.390805 0.538973
1 0.480146 0.448194 0.143156 0.202471
1 0.477273 0.448669 0.148903 0.209125
1 0.473615 0.452947 0.149948 0.246198
1 0.473877 0.451521 0.153605 0.241445
1 0.467868 0.454848 0.162487 0.238593
1 0.460031 0.455323 0.158307 0.23384
1 0.460293 0.452471 0.173459 0.235741
1 0.422153 0.461502 0.182863 0.240494
1 0.448276 0.467205 0.173459 0.234791
1 0.473354 0.426806 0.169279 0.226236
1 0.487722 0.471958 0.256531 0.288023
1 0.475967 0.459125 0.276907 0.3327
1 0.466301 0.471008 0.253396 0.337452
1 0.39185 0.480038 0.335423 0.463878
1 0.403605 0.486692 0.352665 0.492395
1 0.413009 0.496198 0.380878 0.585551
1 0.427638 0.507605 0.370428 0.576046
1 0.430251 0.507605 0.375653 0.58365
1 0.428161 0.504278 0.368339 0.580799
1 0.422936 0.505703 0.367294 0.570342
1 0.426332 0.506654 0.361546 0.551331
1 0.432863 0.512833 0.379833 0.576996
1 0.437043 0.514734 0.382968 0.592205
1 0.441484 0.511407 0.386625 0.587452
1 0.435475 0.514734 0.392372 0.594106
1 0.435998 0.52424 0.407001 0.615019
1 0.433124 0.518536 0.409613 0.626426
1 0.433386 0.523289 0.418495 0.622624
1 0.431557 0.529943 0.437827 0.639734
1 0.422153 0.534221 0.456635 0.673004
1 0.420324 0.535171 0.482236 0.701521
1 0.42581 0.530418 0.474399 0.614068
1 0.422936 0.535646 0.489551 0.613118
1 0.416405 0.573669 0.575758 0.738593
1 0.386625 0.564639 0.617555 0.587452
1 0.417189 0.557509 0.514629 0.660646
1 0.301985 0.361217 0.0407524 0.0608365
0 
1 0.456374 0.413498 0.0423197 0.0627376
1 0.57419 0.467205 0.0491118 0.0655894
0 0.272727 0.397814 0.077325 0.185361
1 0.617032 0.460551 0.0574713 0.0712928
0 0.232759 0.406369 0.109195 0.251901
0 0.191484 0.384981 0.142633 0.321293
2 0.1186 0.386407 0.2372 0.402091
1 0.433647 0.462928 0.031348 0.0437262
1 0.284744 0.451996 0.0355277 0.0465779
1 0.29023 0.45057 0.039185 0.0551331
1 0.28814 0.423479 0.0464995 0.0579848
1 0.27534 0.435361 0.0668757 0.0969582
1 0.252874 0.435361 0.091954 0.131179
1 0.0943051 0.451046 0.160397 0.229087
1 0.0436259 0.435361 0.085162 0.264259
1 0.673981 0.473384 0.0574713 0.0703422
0 
0 
0 
0 
1 0.873041 0.471483 0.061651 0.102662
0 
0 
0 
0 
0 
0 
0 
2 0.583072 0.381654 0.0250784 0.0998099
2 0.520376 0.404468 0.0470219 0.168251
2 0.443574 0.421103 0.0679206 0.258555
2 0.327586 0.462928 0.0898642 0.543726
0 
0 
0 
0 
1 0.716301 0.382129 0.045977 0.0741445
0 
0 
1 0.55512 0.410646 0.0517241 0.0817491
1 0.522205 0.434886 0.0600836 0.111217
1 0.494514 0.423954 0.0935214 0.138783
1 0.449582 0.416825 0.11442 0.179658
1 0.386102 0.420152 0.168234 0.245247
1 0.272727 0.427757 0.299895 0.528517
0 
1 0.181557 0.481464 0.0402299 0.0655894
1 0.232236 0.447719 0.0370951 0.0570342
1 0.283438 0.428707 0.0444096 0.0684411
1 0.140543 0.471958 0.266458 0.392586
0 
0 
1 0.537879 0.420152 0.0350052 0.0570342
1 0.530825 0.418726 0.0574713 0.0846008
1 0.499739 0.419677 0.0423197 0.0522814
1 0.442006 0.413498 0.0626959 0.0874525
1 0.421108 0.4173 0.0585162 0.0912548
1 0.402038 0.409696 0.0517241 0.0836502
0 
0 
0 
0 
0 
0 
0 
2 0.0130617 0.3327 0.0240334 0.0627376
1 0.281087 0.430608 0.167189 0.218631
1 0.260711 0.438213 0.208986 0.275665
1 0.577064 0.377852 0.0360502 0.0465779
1 0.143156 0.523764 0.286311 0.684411
1 0.398903 0.435836 0.0444096 0.0560836
1 0.398903 0.430133 0.0548589 0.0693916
1 0.394984 0.431084 0.0585162 0.088403
1 0.380617 0.431084 0.0705329 0.103612
1 0.369122 0.430133 0.0977011 0.130228
1 0.323406 0.443441 0.144201 0.187262
1 0.191484 0.481939 0.284744 0.326996
1 0.253396 0.47481 0.0428422 0.0636882
1 0.28814 0.468631 0.0579937 0.0798479
1 0.308777 0.476236 0.0794148 0.0988593
1 0.299634 0.461977 0.0820272 0.104563
1 0.272988 0.463878 0.131139 0.18251
1 0.211599 0.474335 0.164054 0.201521
1 0.0898642 0.490019 0.179728 0.423004
1 0.44697 0.448669 0.03814 0.0684411
0 
1 0.411703 0.44249 0.0626959 0.0960076
1 0.380617 0.439164 0.0956113 0.123574
1 0.322362 0.456274 0.153605 0.195817
1 0.12931 0.513783 0.258621 0.514259
1 0.596656 0.442015 0.0365726 0.0570342
1 0.535266 0.431084 0.0517241 0.0788973
1 0.513845 0.433935 0.0590387 0.0941065
1 0.498171 0.434886 0.0642633 0.118821
1 0.480146 0.431559 0.0668757 0.119772
2 0.458464 0.430133 0.0726228 0.11692
2 0.434953 0.43251 0.106061 0.173004
1 0.37722 0.448194 0.144201 0.244297
1 0.166928 0.482414 0.333856 0.542776
1 0.608673 0.405894 0.0261233 0.0456274
1 0.605016 0.413498 0.0250784 0.0361217
1 0.603971 0.409696 0.0365726 0.0494297
1 0.59117 0.409696 0.0318704 0.0418251
1 0.580199 0.401141 0.0339603 0.0646388
0 
1 0.561912 0.411597 0.0464995 0.0627376
0 
1 0.551463 0.403042 0.0506792 0.0912548
1 0.550679 0.400665 0.0626959 0.0960076
1 0.539707 0.419202 0.0815047 0.121673
1 0.514368 0.411122 0.0830721 0.135932
1 0.477012 0.404943 0.110763 0.15019
1 0.433386 0.411597 0.136364 0.230038
1 0.297806 0.439639 0.270637 0.377376
1 0.115726 0.468631 0.231452 0.671103
1 0.508621 0.342681 0.03814 0.0636882
1 0.488245 0.366445 0.0370951 0.0598859
1 0.462121 0.379753 0.0527691 0.088403
1 0.449843 0.381654 0.0564263 0.088403
1 0.437565 0.394962 0.0559039 0.0922053
1 0.428683 0.394487 0.0715778 0.121673
1 0.410397 0.401616 0.0788924 0.130228
1 0.38349 0.400665 0.136886 0.194867
1 0.292581 0.424905 0.213166 0.309886
1 0.144984 0.471008 0.289969 0.64924
0 
1 0.322623 0.426331 0.0454545 0.0674905
1 0.33255 0.422053 0.0475444 0.0703422
1 0.331766 0.42538 0.0574713 0.088403
1 0.321839 0.43346 0.0794148 0.121673
1 0.305381 0.433935 0.119645 0.162548
1 0.263323 0.472433 0.201672 0.26616
1 0.112853 0.550856 0.225705 0.628327
1 0.428422 0.390684 0.0512017 0.0931559
1 0.431296 0.393061 0.0663532 0.109316
1 0.422936 0.397338 0.0569488 0.0969582
1 0.422153 0.401616 0.0595611 0.0941065
1 0.419018 0.409696 0.0700104 0.0988593
1 0.415883 0.413973 0.123302 0.156844
1 0.365987 0.424905 0.109195 0.134981
1 0.310084 0.443916 0.166667 0.249049
1 0.124086 0.483365 0.248171 0.605513
0 
0 
1 0.525601 0.392586 0.0501567 0.0836502
1 0.515674 0.40019 0.0606061 0.0931559
1 0.509404 0.408745 0.0606061 0.0969582
2 0.47884 0.411597 0.0747126 0.125475
2 0.445925 0.411597 0.0966562 0.15019
1 0.403605 0.418251 0.142633 0.209125
1 0.296499 0.438688 0.213689 0.343156
1 0.114159 0.495722 0.228318 0.729087
0 
0 
0 
1 0.546238 0.4173 0.0579937 0.0912548
2 0.513062 0.412072 0.0752351 0.143536
1 0.452978 0.432034 0.125392 0.168251
1 0.554336 0.388783 0.0250784 0.0361217
0 
1 0.5 0.39924 0.0229885 0.0418251
1 0.483542 0.411597 0.0360502 0.0494297
1 0.46395 0.406844 0.0365726 0.0551331
1 0.445402 0.415875 0.0454545 0.0636882
1 0.429206 0.417776 0.0506792 0.0769962
1 0.412487 0.418251 0.0621735 0.0893536
1 0.398119 0.422529 0.0856844 0.130228
1 0.375653 0.423004 0.134796 0.174905
1 0.340909 0.424905 0.177116 0.241445
1 0.244775 0.430133 0.291014 0.405894
1 0.113636 0.432985 0.227273 0.746198
1 0.287879 0.426806 0.0407524 0.0513308
1 0.307994 0.424905 0.0548589 0.0741445
1 0.3221 0.427757 0.0569488 0.0798479
1 0.329415 0.423479 0.0632184 0.088403
1 0.340125 0.428232 0.0752351 0.0998099
1 0.342476 0.433935 0.085162 0.130228
1 0.319749 0.439164 0.124347 0.161597
1 0.280303 0.450095 0.185475 0.242395
1 0.176071 0.506654 0.352142 0.562738
1 0.247649 0.445342 0.0585162 0.0807985
1 0.264368 0.45057 0.092999 0.114068
1 0.257053 0.453897 0.119122 0.168251
1 0.23093 0.447243 0.197492 0.253802
1 0.0982236 0.479563 0.196447 0.538973
1 0.363114 0.467205 0.0271682 0.0465779
1 0.414316 0.43251 0.0491118 0.0798479
1 0.415622 0.442966 0.0747126 0.0988593
1 0.410136 0.428707 0.0940439 0.144487
1 0.367816 0.431559 0.144201 0.218631
1 0.262278 0.454848 0.259143 0.394487
1 0.0856844 0.546103 0.171369 0.759506
0 
1 0.618861 0.426331 0.0297806 0.0389734
1 0.611808 0.426806 0.0355277 0.0494297
1 0.609457 0.428707 0.0370951 0.0494297
1 0.608412 0.431559 0.03814 0.0627376
1 0.607106 0.424905 0.0564263 0.0836502
1 0.578631 0.4173 0.0579937 0.0798479
1 0.55512 0.414924 0.0757576 0.103612
1 0.521944 0.42538 0.0971787 0.13403
1 0.458464 0.423479 0.123824 0.189163
1 0.380878 0.426331 0.173459 0.261407
1 0.185737 0.496198 0.371473 0.731939
0 
0 
1 0.394462 0.371198 0.0386625 0.0636882
0 
0 
1 0.38976 0.336977 0.045977 0.0750951
0 
1 0.420846 0.359791 0.0559039 0.0750951
1 0.439916 0.376901 0.0710554 0.101711
2 0.437827 0.369772 0.0710554 0.13308
1 0.810345 0.346958 0.0668757 0.0912548
1 0.790491 0.36597 0.0689655 0.0912548
1 0.742163 0.364068 0.0736677 0.0931559
1 0.605277 0.364068 0.0611285 0.0912548
1 0.564002 0.371198 0.0684431 0.103612
1 0.459248 0.395437 0.110763 0.195817
1 0.823406 0.194392 0.0386625 0.0579848
1 0.786311 0.197243 0.0376176 0.0636882
1 0.760711 0.230513 0.0376176 0.0541825
1 0.728318 0.247624 0.0438871 0.0636882
1 0.680251 0.277567 0.0512017 0.0722433
1 0.656217 0.287548 0.061651 0.105513
1 0.604232 0.318916 0.0642633 0.0998099
1 0.577586 0.336977 0.0715778 0.13403
1 0.531087 0.34981 0.102926 0.186312
1 0.445141 0.383555 0.167189 0.238593
1 0.308516 0.411597 0.284744 0.429658
1 0.115987 0.4577 0.231975 0.723384
0 
0 
1 0.618861 0.51616 0.677638 0.967681
0 
0 
1 0.247649 0.511407 0.0365726 0.0532319
1 0.257576 0.488118 0.0637409 0.0807985
1 0.26907 0.500475 0.0668757 0.0769962
1 0.269331 0.487167 0.0903866 0.120722
1 0.254441 0.484316 0.107628 0.132129
1 0.246865 0.479087 0.0966562 0.121673
1 0.220481 0.484791 0.123302 0.163498
1 0.16536 0.499525 0.168757 0.251901
1 0.0770637 0.492871 0.154127 0.339354
0 
0 
1 0.190439 0.565589 0.0454545 0.0608365
1 0.24791 0.518536 0.0402299 0.0598859
1 0.298067 0.484316 0.0464995 0.0655894
0 
1 0.393156 0.437738 0.0768025 0.105513
1 0.429728 0.445818 0.0872518 0.117871
1 0.458725 0.427281 0.0961338 0.128327
1 0.454023 0.432985 0.105538 0.139734
1 0.454023 0.432034 0.153605 0.194867
1 0.444619 0.456274 0.272727 0.336502
0 
1 0.905695 0.260932 0.0579937 0.0865019
1 0.701411 0.319392 0.0412748 0.0570342
1 0.647335 0.346008 0.0491118 0.0760456
1 0.578631 0.36692 0.0632184 0.0760456
1 0.51698 0.409221 0.0830721 0.0998099
1 0.457419 0.43251 0.099791 0.134981
1 0.351881 0.434886 0.135319 0.196768
1 0.128527 0.508555 0.257053 0.538023
1 0.298589 0.478137 0.0350052 0.0494297
1 0.323668 0.459601 0.0423197 0.0655894
1 0.340909 0.44962 0.0485893 0.0684411
1 0.349791 0.454848 0.0454545 0.0617871
1 0.36442 0.43346 0.102926 0.138783
1 0.321839 0.443916 0.134796 0.171103
1 0.167973 0.479563 0.317137 0.411597
1 0.368339 0.407795 0.0355277 0.0513308
1 0.379572 0.399715 0.0350052 0.0465779
1 0.398119 0.39116 0.030303 0.0484791
1 0.539185 0.392586 0.0397074 0.0570342
1 0.542581 0.413498 0.03814 0.0494297
1 0.542842 0.406369 0.0428422 0.0674905
1 0.549112 0.398764 0.045977 0.0655894
1 0.536834 0.377852 0.0485893 0.0655894
1 0.526123 0.385932 0.0491118 0.0741445
0 
1 0.795193 0.461977 0.0668757 0.0798479
1 0.756792 0.483365 0.085162 0.111217
1 0.653083 0.456274 0.092999 0.117871
1 0.594566 0.446293 0.101358 0.141635
1 0.493208 0.397338 0.0438871 0.0627376
1 0.414054 0.333175 0.0276907 0.0427757
1 0.454023 0.295627 0.0397074 0.0494297
1 0.450366 0.298954 0.0428422 0.0541825
1 0.447753 0.310361 0.0480669 0.0579848
1 0.461599 0.321768 0.0485893 0.0560836
1 0.469958 0.297053 0.0569488 0.0712928
1 0.780564 0.368821 0.0470219 0.0551331
1 0.373302 0.433935 0.0329154 0.0503802
1 0.375914 0.443441 0.0517241 0.0750951
1 0.37722 0.434886 0.0752351 0.135932
1 0.284744 0.436787 0.176594 0.246198
1 0.356844 0.406369 0.0637409 0.0922053
1 0.353187 0.406369 0.0846395 0.120722
1 0.331243 0.407319 0.131661 0.202471
1 0.355016 0.413973 0.0423197 0.0541825
1 0.420324 0.39924 0.0475444 0.0703422
1 0.455068 0.404943 0.0491118 0.0760456
1 0.44697 0.414449 0.0475444 0.0779468
1 0.435737 0.4173 0.0491118 0.0741445
1 0.417189 0.420152 0.0506792 0.0741445
1 0.426071 0.415399 0.0454545 0.0703422
1 0.605799 0.431084 0.0569488 0.109316
1 0.591432 0.419202 0.0553814 0.0893536
1 0.57628 0.422529 0.0668757 0.101711
1 0.518286 0.423479 0.0700104 0.103612
1 0.121212 0.376901 0.0982236 0.164449
1 0.248171 0.5 0.270637 0.412548
1 0.415622 0.428232 0.039185 0.0617871
1 0.334901 0.44249 0.102403 0.135932
1 0.28605 0.434411 0.0350052 0.0494297
1 0.318443 0.434411 0.0517241 0.0722433
1 0.334901 0.430608 0.0815047 0.136882
0 
0 
0 
0 
1 0.786311 0.421103 0.22466 0.359316
1 0.145507 0.397814 0.0412748 0.0541825
1 0.259927 0.414449 0.0569488 0.0798479
1 0.188871 0.480038 0.223093 0.28327
1 0.425549 0.428232 0.0559039 0.0846008
1 0.236677 0.484316 0.219436 0.270913
1 0.552508 0.404468 0.0329154 0.0446768
1 0.40256 0.444392 0.111285 0.147338
1 0.335423 0.402091 0.0376176 0.0551331
1 0.356061 0.413498 0.0611285 0.095057
1 0.220481 0.461027 0.210031 0.256654
1 0.313218 0.422529 0.0464995 0.0674905
1 0.448798 0.364544 0.0240334 0.0370722
1 0.432863 0.371198 0.0297806 0.0370722
1 0.414054 0.378802 0.0402299 0.0617871
1 0.375392 0.383555 0.0621735 0.0941065
1 0.337252 0.405418 0.138453 0.227186
1 0.287095 0.389259 0.0402299 0.0541825
1 0.329154 0.410171 0.0585162 0.0903042
1 0.130878 0.433935 0.261755 0.485741
1 0.3814 0.431559 0.0679206 0.108365
1 0.140021 0.499525 0.280042 0.430608
1 0.907785 0.429182 0.0882968 0.0960076
1 0.833595 0.430133 0.099791 0.11692
1 0.747388 0.445818 0.109195 0.127376
1 0.642894 0.434411 0.148903 0.203422
1 0.378004 0.54135 0.49791 0.68346
0 
0 
1 0.15256 0.439164 0.174504 0.218631
1 0.466823 0.415875 0.0569488 0.0750951
0 
0 
0 
0 
1 0.65047 0.252376 0.0417973 0.0579848
1 0.534744 0.30846 0.0705329 0.0960076
1 0.430773 0.462452 0.0454545 0.0674905
1 0.0676594 0.471008 0.0893417 0.124525
1 0.495037 0.415875 0.0412748 0.0617871
1 0.593521 0.388783 0.0512017 0.0722433
1 0.692006 0.384506 0.0423197 0.0693916
1 0.624869 0.410646 0.030303 0.0475285
1 0.0297806 0.409696 0.0470219 0.0703422
1 0.46395 0.396388 0.0355277 0.0456274
1 0.324713 0.407795 0.0454545 0.0589354
0 
1 0.0619122 0.454848 0.0830721 0.115019
1 0.552247 0.406369 0.0585162 0.0769962
1 0.751567 0.463878 0.0914316 0.110266
1 0.750522 0.321768 0.123824 0.137833
1 0.644462 0.355513 0.154127 0.237643
1 0.264629 0.597433 0.529258 0.805133
1 0.870167 0.395437 0.130094 0.155894
1 0.623824 0.420152 0.110763 0.148289
1 0.0339603 0.430133 0.0679206 0.259506
1 0.396552 0.461502 0.153605 0.215779
1 0.887409 0.401616 0.0350052 0.0446768
1 0.478318 0.450095 0.0517241 0.0636882
1 0.549112 0.399715 0.0365726 0.0541825
1 0.506792 0.409221 0.0449321 0.0579848
1 0.451149 0.423954 0.0862069 0.121673
1 0.179467 0.546578 0.358934 0.621673
1 0.210293 0.490494 0.278474 0.36692
0 
0 
1 0.624869 0.379278 0.0532915 0.0684411
0 
0 0.885841 0.346958 0.141588 0.28327
2 0.346656 0.389734 0.203239 0.359316
0 
1 0.0261233 0.43251 0.0522466 0.155894
1 0.136625 0.424905 0.119645 0.1673
1 0.263845 0.43251 0.130617 0.209125
1 0.111547 0.384981 0.223093 0.368821
2 0.0399687 0.432034 0.0799373 0.154943
2 0.101097 0.417776 0.145768 0.25
2 0.138976 0.434886 0.197492 0.318441
1 0.225705 0.446293 0.290491 0.487643
1 0.363114 0.449144 0.331243 0.548479
1 0.345611 0.477186 0.376698 0.612167
1 0.241641 0.489068 0.483281 0.729087
1 0.456113 0.497624 0.0992685 0.141635
0 
0 
0 
0 
0 
0 
0 
0 
0 
0 
0 
0 
0 
0 
0 
1 0.471264 0.436312 0.100313 0.127376
1 0.481191 0.432034 0.101358 0.135932
1 0.492685 0.430133 0.102403 0.139734
1 0.477795 0.403992 0.0673981 0.0912548
1 0.507315 0.422529 0.0658307 0.0922053
1 0.506008 0.439164 0.0642633 0.095057
1 0.50627 0.430133 0.0804598 0.109316
1 0.502351 0.43346 0.0788924 0.114068
1 0.503657 0.43251 0.0804598 0.11597
1 0.502351 0.434886 0.0788924 0.115019
1 0.504702 0.437262 0.0752351 0.108365
1 0.507053 0.44154 0.0757576 0.107414
1 0.50418 0.440589 0.0553814 0.0903042
1 0.5128 0.417776 0.0548589 0.0712928
1 0.537356 0.418726 0.0705329 0.0941065
0 
0 
0 
0 
0 
2 0.0540752 0.405894 0.0548589 0.108365
1 0.034744 0.394487 0.0496343 0.0912548
1 0.22884 0.40827 0.0491118 0.0731939
1 0.384796 0.410646 0.0412748 0.0608365
1 0.411964 0.403992 0.0402299 0.0627376
1 0.46813 0.415399 0.0407524 0.0589354
1 0.472048 0.411597 0.0360502 0.0589354
1 0.47675 0.411122 0.0423197 0.0560836
1 0.478056 0.412548 0.0386625 0.0494297
1 0.478318 0.412548 0.03814 0.0513308
1 0.482236 0.401616 0.0386625 0.0617871
1 0.4872 0.403992 0.039185 0.0627376
1 0.488506 0.411122 0.0386625 0.0579848
1 0.486677 0.410171 0.0370951 0.0579848
1 0.485371 0.410171 0.0365726 0.0541825
1 0.479885 0.411122 0.0318704 0.0484791
0 
0 
1 0.488245 0.382605 0.0339603 0.0541825
1 0.490857 0.387833 0.039185 0.0665399
0 
0 
0 
0 
0 
0 
2 0.409875 0.43346 0.134274 0.243346
0 
0 
0 
1 0.117816 0.448669 0.231452 0.397338
1 0.209509 0.438688 0.283177 0.386882
1 0.337252 0.440589 0.202194 0.303232
1 0.442529 0.431084 0.167189 0.246198
1 0.512017 0.430133 0.15256 0.217681
1 0.57628 0.438688 0.142111 0.223384
1 0.673981 0.439164 0.128527 0.180608
1 0.839864 0.444392 0.133229 0.187262
0 
1 0.818182 0.431084 0.0825496 0.122624
1 0.721787 0.427281 0.0736677 0.118821
1 0.657785 0.42443 0.0689655 0.0998099
1 0.618339 0.420627 0.0736677 0.0979087
1 0.583072 0.408745 0.0752351 0.0969582
1 0.565047 0.405418 0.0663532 0.0903042
1 0.537095 0.384981 0.0679206 0.0893536
1 0.525601 0.386407 0.0606061 0.0903042
1 0.525862 0.400665 0.0569488 0.0731939
1 0.522727 0.396863 0.0548589 0.0826996
1 0.511233 0.398764 0.053814 0.0769962
1 0.506008 0.39211 0.0559039 0.0788973
1 0.496604 0.394962 0.0621735 0.0807985
1 0.486416 0.396388 0.0470219 0.0627376
1 0.482759 0.395437 0.0553814 0.0836502
1 0.493992 0.396863 0.053814 0.0750951
1 0.489551 0.397338 0.0522466 0.0703422
1 0.47884 0.396388 0.0496343 0.0760456
1 0.472048 0.401616 0.0412748 0.0693916
1 0.466562 0.398764 0.0512017 0.0731939
1 0.462905 0.402567 0.0480669 0.0674905
1 0.457941 0.400665 0.0485893 0.0712928
1 0.453762 0.399715 0.0527691 0.0788973
1 0.44906 0.400665 0.0464995 0.0769962
1 0.440439 0.401616 0.0543365 0.0769962
1 0.435475 0.405894 0.053814 0.0741445
1 0.428945 0.402091 0.0501567 0.0741445
1 0.422414 0.407319 0.0496343 0.0769962
1 0.417712 0.411597 0.0517241 0.0741445
1 0.416928 0.409696 0.0491118 0.0722433
1 0.411703 0.410171 0.0512017 0.0731939
1 0.405434 0.413973 0.0543365 0.0750951
1 0.397074 0.411597 0.0428422 0.0646388
1 0.387931 0.411122 0.0454545 0.0598859
1 0.379833 0.417776 0.0553814 0.0655894
1 0.378265 0.416825 0.0532915 0.0655894
1 0.374608 0.413498 0.0376176 0.0589354
1 0.372518 0.420152 0.0407524 0.0684411
1 0.367816 0.415399 0.0428422 0.0627376
1 0.362069 0.414449 0.0365726 0.0627376
1 0.355799 0.420152 0.0501567 0.0741445
1 0.36024 0.417776 0.0475444 0.0731939
1 0.362069 0.413973 0.0417973 0.0617871
1 0.36233 0.415399 0.0454545 0.0703422
1 0.364159 0.415875 0.0397074 0.0579848
1 0.365987 0.413973 0.0454545 0.0636882
1 0.364159 0.409696 0.045977 0.0646388
1 0.372518 0.413973 0.0407524 0.0617871
1 0.387931 0.407795 0.0444096 0.0627376
1 0.398119 0.403042 0.0438871 0.0665399
1 0.409091 0.411122 0.0449321 0.0598859
1 0.423459 0.400665 0.0402299 0.0655894
1 0.434169 0.394962 0.045977 0.0655894
1 0.442006 0.40019 0.0438871 0.0646388
1 0.450627 0.39924 0.0402299 0.0665399
1 0.451149 0.398764 0.0423197 0.0617871
1 0.451933 0.402567 0.0428422 0.0598859
1 0.469958 0.40019 0.03814 0.0570342
1 0.484326 0.398764 0.0407524 0.0598859
1 0.487983 0.401141 0.0376176 0.0627376
1 0.499478 0.401141 0.0355277 0.0608365
1 0.510188 0.40019 0.0370951 0.0570342
1 0.516719 0.401616 0.0365726 0.0598859
1 0.522727 0.402091 0.0433647 0.0646388
1 0.526123 0.402091 0.0428422 0.0665399
1 0.532654 0.404943 0.0360502 0.0608365
0 
0 
0 
0 
0 
0 
0 
0 
0 
0 
1 0.67581 0.406844 0.0496343 0.0665399
1 0.695402 0.410171 0.0449321 0.0560836
0 
1 0.6314 0.382605 0.0642633 0.0865019
1 0.609718 0.378327 0.0679206 0.0855513
1 0.586207 0.366445 0.0543365 0.0674905
1 0.573145 0.377852 0.0512017 0.0750951
1 0.55721 0.365494 0.0559039 0.0598859
1 0.555643 0.36597 0.0506792 0.0608365
1 0.556688 0.370722 0.0506792 0.0703422
1 0.556165 0.374049 0.0506792 0.0579848
1 0.549373 0.372624 0.0402299 0.0627376
0 
0 
0 
1 0.51698 0.377376 0.0370951 0.0589354
1 0.518548 0.378802 0.0370951 0.0541825
1 0.517241 0.375951 0.0407524 0.0617871
0 
1 0.506792 0.379753 0.0386625 0.0598859
1 0.502612 0.376901 0.0397074 0.0636882
0 
1 0.497649 0.382129 0.0412748 0.0665399
1 0.493992 0.376901 0.0350052 0.0598859
1 0.489289 0.378327 0.0339603 0.0551331
1 0.481714 0.376426 0.0365726 0.0589354
0 
0 
0 
0 
1 0.327847 0.41635 0.0527691 0.0741445
1 0.350575 0.248099 0.0721003 0.0874525
1 0.608412 0.210076 0.0872518 0.119772
1 0.619906 0.351711 0.0830721 0.114068
1 0.636102 0.326521 0.11024 0.120722
1 0.61233 0.406844 0.101358 0.110266
1 0.584639 0.391635 0.104493 0.129278
1 0.560867 0.439164 0.099791 0.13308
0 
0 
0 
0 
0 
0 
0 
1 0.959248 0.16635 0.0815047 0.173004
1 0.78396 0.162548 0.111285 0.152091
0 
1 0.944096 0.173954 0.111808 0.237643
1 0.914316 0.199144 0.171369 0.280418
1 0.842999 0.246673 0.185475 0.274715
1 0.822623 0.242871 0.223093 0.295627
1 0.855277 0.24097 0.238245 0.320342
1 0.879833 0.276616 0.240334 0.340304
1 0.892372 0.330798 0.207941 0.357414
1 0.901776 0.330798 0.196447 0.475285
1 0.952456 0.506654 0.0950888 0.353612
0 
1 0.0276907 0.573669 0.0449321 0.0712928
0 
1 0.742685 0.443441 0.362069 0.542776
1 0.771421 0.498099 0.457158 0.836502
0 
0 
1 0.0687043 0.441065 0.137409 0.28327
1 0.114681 0.432985 0.210554 0.308935
1 0.205068 0.402091 0.27534 0.374525
1 0.574974 0.339354 0.278474 0.346008
1 0.958986 0.211502 0.0820272 0.354563
1 0.026907 0.622624 0.0496343 0.106464
0 
0 
1 0.27534 0.428232 0.0501567 0.0655894
1 0.422153 0.425856 0.061651 0.0855513
1 0.463427 0.420152 0.0700104 0.095057
1 0.455068 0.423004 0.091954 0.127376
1 0.440439 0.421578 0.0595611 0.0731939
1 0.409613 0.426331 0.0794148 0.0979087
1 0.383751 0.433935 0.0799373 0.105513
1 0.344044 0.438213 0.0903866 0.127376
1 0.300418 0.453422 0.144201 0.224335
1 0.151515 0.484791 0.30303 0.43346
0 
0 
0 
0 
0 
0 
1 0.103187 0.566065 0.0736677 0.0941065
1 0.306688 0.459125 0.0668757 0.0931559
1 0.311912 0.412548 0.077325 0.102662
1 0.289969 0.460551 0.103448 0.139734
1 0.202456 0.489544 0.261755 0.336502
0 
1 0.359457 0.412548 0.0365726 0.0570342
1 0.364943 0.414924 0.0475444 0.0598859
1 0.377743 0.418726 0.0501567 0.0788973
1 0.3814 0.423479 0.0626959 0.0807985
1 0.382445 0.423004 0.0679206 0.0969582
2 0.562173 0.364068 0.282132 0.577947
2 0.559822 0.346483 0.276385 0.567491
2 0.550679 0.351711 0.261233 0.593156
0 
0 0.540491 0.371673 0.213689 0.494297
2 0.539185 0.365494 0.229885 0.519962
2 0.54232 0.371198 0.205852 0.506654
2 0.545977 0.356464 0.229885 0.509506
2 0.55303 0.370247 0.211599 0.487643
2 0.552247 0.368821 0.213166 0.460076
2 0.55512 0.370247 0.205329 0.476236
2 0.556426 0.355513 0.214211 0.507605
2 0.55512 0.374049 0.204284 0.500951
2 0.557733 0.345532 0.221003 0.502852
2 0.55512 0.369297 0.219958 0.46673
2 0.551985 0.370247 0.222048 0.474335
2 0.548851 0.372624 0.209509 0.477186
2 0.541275 0.368346 0.211076 0.485741
2 0.543626 0.372624 0.203239 0.492395
2 0.544671 0.371198 0.206374 0.493346
0 0.544148 0.35789 0.221003 0.489544
0 0.545455 0.376901 0.221526 0.472433
2 0.548067 0.373574 0.199582 0.484791
2 0.555381 0.366445 0.205852 0.493346
2 0.555643 0.374525 0.215778 0.469582
2 0.551463 0.369772 0.202194 0.475285
2 0.553553 0.363593 0.214734 0.470532
0 0.550418 0.376901 0.203239 0.474335
2 0.550157 0.368346 0.193312 0.485741
2 0.555904 0.351711 0.205852 0.509506
0 0.553292 0.379278 0.200627 0.511407
0 0.549634 0.359316 0.212121 0.520913
0 0.542842 0.372624 0.203762 0.503802
0 0.548851 0.354563 0.234587 0.513308
2 0.545455 0.372624 0.197492 0.494297
0 0.541536 0.362167 0.202194 0.524715
0 0.540752 0.361692 0.204807 0.523764
2 0.543887 0.364068 0.207941 0.492395
0 0.539707 0.364068 0.207941 0.498099
0 0.547022 0.364068 0.214211 0.513308
0 0.56139 0.372624 0.286834 0.644487
0 0.55512 0.346958 0.304598 0.638783
0 0.462644 0.379278 0.272205 0.562738
0 0.484065 0.386882 0.263845 0.558935
0 0.498694 0.389734 0.249216 0.579848
0 0.509666 0.388308 0.260711 0.55038
0 0.510711 0.38403 0.258621 0.560836
0 0.508098 0.376426 0.259666 0.553232
0 0.500784 0.35789 0.256531 0.584601
0 0.516719 0.367395 0.243469 0.554183
0 0.51698 0.353137 0.246082 0.580799
0 0.522727 0.352186 0.251306 0.580799
0 0.535005 0.370247 0.253918 0.540875
0 0.526123 0.397814 0.238245 0.552281
0 0.532393 0.388308 0.240334 0.563688
0 0.524817 0.390209 0.238767 0.573194
0 0.533177 0.384506 0.239812 0.561787
0 0.534483 0.386407 0.238245 0.567491
0 0.53814 0.388783 0.234065 0.574144
0 0.536573 0.386882 0.234065 0.56654
0 0.53396 0.386407 0.238245 0.573194
0 0.522466 0.39211 0.242424 0.576996
0 0.519331 0.390684 0.2372 0.574144
0 0.517241 0.391635 0.239289 0.570342
0 0.515674 0.398289 0.236155 0.595057
0 0.591954 0.381179 0.341693 0.669201
0 0.59117 0.381179 0.332811 0.673004
0 0.589864 0.378327 0.343783 0.673004
0 0.515674 0.5 0.509927 1
0 0.700627 0.385932 0.280042 0.688213
0 0.693051 0.386407 0.300418 0.702471
0 0.638192 0.35884 0.336991 0.664449
0 0.539446 0.384981 0.286834 0.682509
0 0.537618 0.387833 0.280042 0.674905
0 0.537356 0.38403 0.287879 0.688213
0 0.534222 0.379753 0.279519 0.670152
0 0.521682 0.369297 0.274295 0.601711
0 0.53187 0.38308 0.280042 0.690114
0 0.520115 0.364068 0.280564 0.598859
0 0.520376 0.388783 0.270637 0.692015
0 0.517503 0.382605 0.265935 0.681559
0 0.518025 0.383555 0.270115 0.715779
0 0.515413 0.384981 0.277429 0.707224
0 0.515935 0.378327 0.26698 0.69962
0 0.515413 0.387357 0.280564 0.68346
0 0.518286 0.374049 0.262278 0.68346
1 0.525078 0.414449 0.0626959 0.0912548
1 0.533177 0.410646 0.0600836 0.0836502
1 0.54441 0.408745 0.0595611 0.0874525
1 0.549896 0.404943 0.0621735 0.0798479
1 0.553292 0.404468 0.0585162 0.0807985
1 0.926594 0.560361 0.0496343 0.0617871
1 0.422675 0.476236 0.110763 0.152091
1 0.102665 0.353612 0.053814 0.0684411
1 0.354754 0.393536 0.0606061 0.0817491
1 0.388192 0.421578 0.0794148 0.0979087
1 0.428422 0.427757 0.0888192 0.108365
1 0.433908 0.427757 0.106061 0.127376
1 0.381923 0.429658 0.15465 0.195817
1 0.206635 0.414924 0.34744 0.519962
0 
0 
0 
0 
0 
1 0.65256 0.406369 0.0512017 0.0655894
1 0.62278 0.409221 0.0574713 0.0826996
1 0.594828 0.415875 0.0684431 0.0922053
1 0.562435 0.411597 0.0757576 0.10076
1 0.51698 0.421578 0.0977011 0.13403
1 0.472832 0.427281 0.119122 0.162548
1 0.403605 0.424905 0.167712 0.222433
1 0.228056 0.444867 0.355799 0.480989
1 0.0326541 0.492395 0.0653083 0.344106
1 0.243992 0.413023 0.333333 0.601711
0 
0 
1 0.0478056 0.407795 0.0956113 0.146388
1 0.11442 0.426331 0.15883 0.187262
1 0.1779 0.439639 0.158307 0.242395
1 0.199321 0.455798 0.226228 0.31654
1 0.175287 0.496673 0.350575 0.651141
1 0.0300418 0.436787 0.0579937 0.0979087
1 0.369383 0.408745 0.0982236 0.146388
1 0.36442 0.40827 0.125914 0.219582
1 0.335423 0.394487 0.180773 0.287072
1 0.197231 0.419202 0.394462 0.659696
1 0.0376176 0.321768 0.0700104 0.455323
0 
0 
1 0.304336 0.455798 0.0673981 0.0998099
1 0.0261233 0.554183 0.0522466 0.140684
1 0.045977 0.499525 0.091954 0.130228
1 0.0741902 0.463403 0.121212 0.145437
1 0.0830721 0.475285 0.15883 0.178707
1 0.0592999 0.465304 0.1186 0.240494
1 0.314002 0.404468 0.0407524 0.0560836
1 0.345873 0.406844 0.0491118 0.0646388
1 0.357106 0.403992 0.053814 0.0703422
1 0.352926 0.40827 0.0768025 0.101711
1 0.235632 0.427757 0.223615 0.292776
1 0.293626 0.414924 0.0376176 0.0446768
0 
1 0.3221 0.434886 0.0517241 0.0865019
1 0.437565 0.44154 0.0297806 0.0427757
1 0.798328 0.384506 0.0470219 0.0693916
1 0.649164 0.343156 0.0360502 0.0551331
2 0.258882 0.390209 0.0329154 0.0903042
2 0.163009 0.408745 0.0700104 0.258555
2 0.0274295 0.471483 0.0517241 0.311787
1 0.325758 0.435836 0.233542 0.337452
1 0.108412 0.451046 0.216823 0.727186
1 0.311129 0.476236 0.0548589 0.0684411
1 0.318966 0.471483 0.0705329 0.095057
1 0.316614 0.466255 0.0846395 0.11692
1 0.294671 0.477186 0.113898 0.171103
1 0.153083 0.485741 0.296761 0.458175
1 0.274295 0.322719 0.0250784 0.0484791
0 
1 0.31139 0.307034 0.0188088 0.0285171
1 0.321839 0.314164 0.0250784 0.0370722
1 0.329676 0.318916 0.0323929 0.0389734
1 0.333856 0.31654 0.0261233 0.0494297
1 0.33908 0.310836 0.0282132 0.039924
1 0.350836 0.317966 0.0350052 0.0465779
1 0.360763 0.322719 0.0360502 0.0522814
1 0.365987 0.32557 0.039185 0.0579848
1 0.381661 0.320818 0.0318704 0.0389734
1 0.406217 0.328422 0.03814 0.0541825
0 
0 
1 0.512278 0.369297 0.03814 0.0598859
0 
1 0.657001 0.41635 0.0485893 0.0741445
0 
1 0.87931 0.506179 0.0647858 0.088403
1 0.527429 0.437262 0.0506792 0.0646388
1 0.501306 0.438213 0.0548589 0.0722433
1 0.484326 0.436787 0.0574713 0.103612
1 0.465778 0.430133 0.0788924 0.107414
1 0.445402 0.429182 0.0893417 0.132129
1 0.421891 0.426806 0.102926 0.157795
1 0.339342 0.420152 0.19488 0.294677
0 
1 0.764368 0.437262 0.0522466 0.0703422
1 0.706635 0.401141 0.0642633 0.0836502
1 0.617032 0.413973 0.0741902 0.111217
1 0.508621 0.371673 0.10815 0.15019
1 0.268809 0.436312 0.26907 0.376426
1 0.520115 0.370722 0.181296 0.222433
1 0.848746 0.404943 0.241902 0.296578
0 
1 0.634796 0.437262 0.0574713 0.0779468
1 0.591693 0.441065 0.0726228 0.108365
1 0.53814 0.419677 0.077325 0.113118
2 0.4407 0.404943 0.0506792 0.138783
2 0.438349 0.406844 0.0585162 0.142586
2 0.444357 0.434886 0.0559039 0.147338
2 0.456374 0.433935 0.0559039 0.141635
2 0.476489 0.431084 0.061651 0.14924
2 0.509404 0.436312 0.0710554 0.136882
0 
0 
0 
0 
0 
0 
1 0.472571 0.411122 0.0350052 0.0446768
1 0.466823 0.413023 0.039185 0.0579848
2 0.448015 0.414449 0.0590387 0.114068
2 0.427638 0.417776 0.0809822 0.145437
1 0.374608 0.410171 0.170324 0.269011
1 0.193835 0.477186 0.38767 0.785171
1 0.790752 0.443441 0.0485893 0.0636882
1 0.700888 0.446768 0.0433647 0.0608365
1 0.558777 0.444867 0.0454545 0.0570342
2 0.488506 0.415875 0.0417973 0.0826996
1 0.894723 0.389734 0.0360502 0.0418251
0 
2 0.326803 0.390684 0.101881 0.218631
2 0.304075 0.398764 0.121212 0.248099
2 0.279781 0.429182 0.137409 0.240494
0 0.169279 0.380228 0.185998 0.475285
1 0.900731 0.427757 0.0595611 0.0893536
1 0.665099 0.429658 0.0417973 0.0760456
2 0.600313 0.426331 0.0491118 0.0846008
2 0.554336 0.419202 0.0470219 0.0627376
1 0.531348 0.415399 0.0428422 0.0646388
1 0.515674 0.390209 0.0355277 0.0655894
1 0.506531 0.413973 0.0370951 0.0541825
2 0.501045 0.398764 0.0386625 0.0693916
2 0.497649 0.410646 0.0256008 0.0494297
1 0.455068 0.409221 0.0386625 0.0503802
1 0.460554 0.40827 0.03814 0.0503802
0 
1 0.469697 0.412548 0.0282132 0.0361217
0 
0 
0 
0 
0 
0 
0 
0 
0 
1 0.269331 0.402567 0.0705329 0.0998099
1 0.296499 0.405418 0.0882968 0.118821
0 
1 0.350313 0.428707 0.102926 0.140684
2 0.387931 0.436312 0.0935214 0.171103
1 0.434692 0.423004 0.108673 0.153992
2 0.497126 0.418726 0.147858 0.210076
2 0.571839 0.425856 0.138453 0.203422
2 0.675287 0.420627 0.176071 0.291825
1 0.834117 0.419677 0.237722 0.341255
2 0.957158 0.405418 0.0710554 0.364068
0 
1 0.471003 0.413498 0.0256008 0.0361217
1 0.488506 0.403992 0.0250784 0.0342205
1 0.489551 0.404943 0.0522466 0.0684411
1 0.511233 0.411597 0.0559039 0.0798479
1 0.551985 0.404943 0.0747126 0.106464
1 0.578109 0.403517 0.0663532 0.0998099
2 0.352142 0.43346 0.0898642 0.203422
0 
1 0.765935 0.410171 0.0867294 0.11692
1 0.793626 0.408745 0.104493 0.129278
1 0.829676 0.410646 0.115987 0.148289
1 0.870167 0.404943 0.132184 0.18251
1 0.920846 0.397338 0.139498 0.188213
1 0.951933 0.419677 0.0961338 0.187262
0 
1 0.0705329 0.397814 0.0417973 0.0579848
2 0.144984 0.396388 0.0464995 0.0627376
0 
2 0.22884 0.403042 0.0397074 0.0817491
0 
2 0.208725 0.392586 0.0506792 0.095057
2 0.324974 0.394487 0.0522466 0.114068
2 0.387147 0.451521 0.061651 0.123574
2 0.400731 0.419677 0.0898642 0.143536
2 0.376176 0.44154 0.118077 0.234791
2 0.307732 0.445818 0.22466 0.412548
1 0.169279 0.467681 0.338558 0.617871
0 
0 
2 0.721526 0.420152 0.0407524 0.112167
0 
2 0.6779 0.422053 0.0444096 0.131179
2 0.643939 0.431084 0.0475444 0.128327
2 0.603971 0.431084 0.0595611 0.168251
2 0.560606 0.43346 0.0553814 0.140684
2 0.538662 0.431084 0.0553814 0.147338
2 0.529519 0.430133 0.0632184 0.168251
2 0.502612 0.422529 0.0574713 0.154943
2 0.305643 0.412072 0.0574713 0.156844
0 
0 
1 0.4872 0.455323 0.168757 0.226236
1 0.417189 0.472909 0.19906 0.238593
1 0.296761 0.488593 0.349007 0.422053
1 0.183647 0.546578 0.367294 0.655894
1 0.0420585 0.604087 0.0778474 0.415399
0 
0 
0 
0 
0 
0 
0 
0 
0 
0 
1 0.496865 0.412072 0.0428422 0.0522814
0 
0 
0 
0 
0 
2 0.487983 0.394962 0.0282132 0.0750951
2 0.58908 0.418726 0.03814 0.0788973
2 0.408568 0.395437 0.0250784 0.0741445
0 
0 
0 
0 
0 
0 
0 
0 
0 
0 
0 
0 
0 
0 
0 
0 
2 0.488245 0.44962 0.0778474 0.285171
2 0.483542 0.452947 0.0809822 0.314639
2 0.559039 0.454373 0.101358 0.245247
2 0.558255 0.456749 0.0862069 0.284221
2 0.560084 0.456749 0.0804598 0.265209
2 0.562435 0.458175 0.0809822 0.277567
2 0.565047 0.454848 0.0820272 0.284221
2 0.565308 0.45865 0.0835946 0.293726
2 0.556688 0.456749 0.0768025 0.286122
2 0.55721 0.456749 0.0830721 0.269011
2 0.556688 0.461977 0.105016 0.260456
2 0.561651 0.460076 0.0752351 0.262357
2 0.562435 0.461502 0.0788924 0.288023
2 0.561912 0.460551 0.0788924 0.280418
2 0.567137 0.46673 0.0778474 0.279468
2 0.566353 0.463878 0.077325 0.275665
2 0.561128 0.464829 0.0835946 0.275665
2 0.560867 0.462452 0.084117 0.270913
2 0.564263 0.462452 0.0835946 0.276616
2 0.569227 0.461027 0.0903866 0.275665
2 0.566353 0.464354 0.0898642 0.272814
2 0.574451 0.458175 0.085162 0.285171
2 0.5593 0.451046 0.105016 0.288023
2 0.560606 0.454848 0.0783699 0.303232
2 0.561912 0.447719 0.106061 0.30038
2 0.565047 0.451521 0.0862069 0.292776
2 0.562696 0.453897 0.0825496 0.29943
2 0.562435 0.448194 0.103971 0.29943
2 0.563741 0.451521 0.0898642 0.304182
2 0.56139 0.45057 0.0882968 0.309886
2 0.562435 0.451046 0.0903866 0.303232
2 0.567398 0.455798 0.0909091 0.314639
2 0.571055 0.445342 0.110763 0.310836
2 0.555904 0.44962 0.0846395 0.30038
2 0.559561 0.451046 0.0888192 0.301331
2 0.564002 0.451046 0.11442 0.307034
2 0.5593 0.446293 0.1186 0.318441
2 0.562173 0.448669 0.113898 0.313688
2 0.56348 0.44962 0.105016 0.31749
2 0.566876 0.452471 0.109718 0.304182
2 0.568704 0.452947 0.0956113 0.314639
2 0.569488 0.451996 0.101358 0.314639
2 0.573929 0.448669 0.11442 0.315589
2 0.571317 0.451521 0.124869 0.321293
2 0.566614 0.449144 0.11233 0.320342
2 0.570794 0.452471 0.0924765 0.31749
2 0.573145 0.454848 0.0888192 0.31654
2 0.556426 0.44962 0.101358 0.302281
2 0.552247 0.44962 0.0982236 0.315589
2 0.554336 0.445818 0.122257 0.325095
2 0.553814 0.447719 0.102403 0.30038
2 0.555381 0.445818 0.102403 0.302281
2 0.554075 0.451046 0.101881 0.31654
2 0.555643 0.453897 0.0924765 0.305133
2 0.558255 0.449144 0.12069 0.322243
2 0.556949 0.453422 0.102403 0.309886
2 0.554075 0.446293 0.109195 0.305133
2 0.542059 0.447243 0.117555 0.307034
2 0.526385 0.447719 0.105016 0.309886
2 0.504441 0.446768 0.11233 0.313688
2 0.501306 0.44249 0.099791 0.329848
2 0.499739 0.442015 0.0977011 0.315589
2 0.503135 0.448669 0.103448 0.306084
2 0.506531 0.442966 0.11024 0.313688
2 0.505486 0.444867 0.100836 0.294677
2 0.507053 0.451046 0.106061 0.305133
2 0.526123 0.453897 0.0950888 0.320342
2 0.527952 0.449144 0.11024 0.269011
2 0.530303 0.448194 0.0909091 0.280418
2 0.533699 0.452947 0.0945664 0.308935
2 0.533438 0.447243 0.101358 0.318441
2 0.539707 0.437262 0.108673 0.309886
2 0.533177 0.446768 0.099791 0.31749
2 0.533177 0.446768 0.0882968 0.309886
2 0.54023 0.451046 0.0867294 0.31654
2 0.551985 0.452471 0.0945664 0.319392
2 0.55512 0.451521 0.0893417 0.323194
